3500 59
3499 94
3498 30
3497 11
3496 91
3495 90
3494 100
3493 26
3492 39
3491 43
3490 71
3489 61
3488 5
3487 89
3486 24
3485 42
3484 89
3483 67
3482 45
3481 94
3480 78
3479 11
3478 34
3477 28
3476 20
3475 72
3474 29
3473 59
3472 75
3471 30
3470 4
3469 83
3468 42
3467 43
3466 30
3465 25
3464 16
3463 80
3462 56
3461 65
3460 70
3459 57
3458 7
3457 25
3456 3
3455 65
3454 94
3453 51
3452 4
3451 90
3450 37
3449 79
3448 54
3447 31
3446 34
3445 71
3444 73
3443 26
3442 100
3441 99
3440 3
3439 78
3438 29
3437 64
3436 77
3435 90
3434 6
3433 64
3432 23
3431 84
3430 35
3429 70
3428 0
3427 69
3426 45
3425 48
3424 40
3423 76
3422 17
3421 98
3420 86
3419 18
3418 9
3417 62
3416 42
3415 30
3414 19
3413 2
3412 75
3411 49
3410 44
3409 64
3408 99
3407 35
3406 74
3405 22
3404 39
3403 0
3402 62
3401 59
3400 56
3399 34
3398 86
3397 13
3396 72
3395 51
3394 39
3393 75
3392 24
3391 65
3390 1
3389 48
3388 96
3387 67
3386 70
3385 36
3384 47
3383 2
3382 24
3381 84
3380 100
3379 10
3378 50
3377 13
3376 21
3375 18
3374 92
3373 23
3372 12
3371 34
3370 65
3369 6
3368 12
3367 3
3366 70
3365 72
3364 58
3363 36
3362 95
3361 84
3360 70
3359 19
3358 67
3357 0
3356 96
3355 97
3354 8
3353 32
3352 38
3351 10
3350 44
3349 25
3348 93
3347 76
3346 51
3345 54
3344 60
3343 21
3342 22
3341 51
3340 68
3339 56
3338 8
3337 13
3336 61
3335 85
3334 50
3333 80
3332 5
3331 94
3330 84
3329 20
3328 20
3327 86
3326 40
3325 97
3324 30
3323 85
3322 4
3321 0
3320 26
3319 46
3318 83
3317 31
3316 25
3315 50
3314 41
3313 33
3312 56
3311 24
3310 40
3309 61
3308 76
3307 98
3306 46
3305 15
3304 50
3303 81
3302 87
3301 40
3300 98
3299 86
3298 66
3297 78
3296 51
3295 85
3294 89
3293 83
3292 16
3291 10
3290 60
3289 95
3288 51
3287 53
3286 80
3285 70
3284 28
3283 12
3282 29
3281 24
3280 86
3279 31
3278 23
3277 46
3276 8
3275 86
3274 7
3273 52
3272 27
3271 29
3270 59
3269 74
3268 67
3267 59
3266 57
3265 14
3264 86
3263 39
3262 59
3261 34
3260 72
3259 20
3258 84
3257 30
3256 79
3255 13
3254 41
3253 81
3252 19
3251 22
3250 83
3249 24
3248 38
3247 59
3246 80
3245 87
3244 80
3243 20
3242 20
3241 74
3240 86
3239 42
3238 66
3237 38
3236 42
3235 44
3234 62
3233 19
3232 28
3231 90
3230 75
3229 64
3228 72
3227 46
3226 62
3225 1
3224 9
3223 68
3222 84
3221 26
3220 100
3219 73
3218 12
3217 26
3216 35
3215 62
3214 59
3213 100
3212 0
3211 50
3210 13
3209 67
3208 88
3207 5
3206 84
3205 65
3204 45
3203 50
3202 89
3201 5
3200 45
3199 55
3198 37
3197 19
3196 23
3195 6
3194 44
3193 51
3192 60
3191 59
3190 14
3189 26
3188 72
3187 62
3186 13
3185 87
3184 56
3183 77
3182 20
3181 24
3180 42
3179 37
3178 30
3177 87
3176 44
3175 0
3174 28
3173 34
3172 16
3171 8
3170 62
3169 60
3168 84
3167 26
3166 78
3165 31
3164 28
3163 22
3162 54
3161 57
3160 94
3159 21
3158 34
3157 9
3156 14
3155 63
3154 13
3153 30
3152 5
3151 4
3150 50
3149 32
3148 83
3147 14
3146 87
3145 9
3144 77
3143 45
3142 81
3141 59
3140 2
3139 39
3138 14
3137 16
3136 54
3135 61
3134 87
3133 30
3132 94
3131 87
3130 11
3129 7
3128 20
3127 85
3126 57
3125 89
3124 60
3123 61
3122 73
3121 78
3120 8
3119 37
3118 47
3117 66
3116 98
3115 98
3114 36
3113 47
3112 69
3111 32
3110 90
3109 80
3108 19
3107 7
3106 22
3105 19
3104 77
3103 77
3102 25
3101 32
3100 39
3099 77
3098 86
3097 64
3096 78
3095 54
3094 71
3093 40
3092 98
3091 12
3090 34
3089 17
3088 31
3087 29
3086 42
3085 80
3084 93
3083 96
3082 49
3081 93
3080 60
3079 47
3078 92
3077 0
3076 93
3075 96
3074 0
3073 79
3072 52
3071 91
3070 79
3069 31
3068 13
3067 92
3066 56
3065 4
3064 19
3063 15
3062 41
3061 58
3060 55
3059 68
3058 88
3057 29
3056 47
3055 80
3054 25
3053 76
3052 84
3051 73
3050 71
3049 24
3048 35
3047 50
3046 16
3045 71
3044 74
3043 64
3042 52
3041 84
3040 44
3039 46
3038 61
3037 67
3036 77
3035 34
3034 62
3033 64
3032 16
3031 10
3030 51
3029 62
3028 29
3027 64
3026 78
3025 56
3024 72
3023 86
3022 15
3021 99
3020 91
3019 71
3018 22
3017 5
3016 87
3015 44
3014 43
3013 36
3012 23
3011 72
3010 51
3009 32
3008 75
3007 87
3006 95
3005 90
3004 88
3003 45
3002 77
3001 46
3000 99
2999 66
2998 60
2997 82
2996 8
2995 0
2994 100
2993 56
2992 76
2991 52
2990 22
2989 63
2988 71
2987 92
2986 71
2985 82
2984 8
2983 32
2982 70
2981 7
2980 78
2979 76
2978 99
2977 99
2976 96
2975 59
2974 73
2973 5
2972 60
2971 13
2970 30
2969 71
2968 5
2967 70
2966 30
2965 44
2964 91
2963 24
2962 6
2961 8
2960 61
2959 95
2958 94
2957 54
2956 40
2955 70
2954 64
2953 64
2952 59
2951 66
2950 5
2949 66
2948 18
2947 21
2946 52
2945 7
2944 21
2943 54
2942 1
2941 19
2940 29
2939 19
2938 78
2937 94
2936 82
2935 96
2934 95
2933 55
2932 42
2931 96
2930 35
2929 26
2928 50
2927 36
2926 22
2925 69
2924 95
2923 34
2922 48
2921 87
2920 96
2919 80
2918 7
2917 79
2916 46
2915 91
2914 65
2913 15
2912 90
2911 49
2910 84
2909 91
2908 41
2907 77
2906 4
2905 57
2904 86
2903 34
2902 7
2901 51
2900 53
2899 34
2898 71
2897 63
2896 77
2895 100
2894 100
2893 49
2892 87
2891 0
2890 60
2889 79
2888 37
2887 53
2886 40
2885 25
2884 2
2883 65
2882 94
2881 37
2880 89
2879 14
2878 89
2877 50
2876 28
2875 33
2874 61
2873 85
2872 98
2871 23
2870 64
2869 54
2868 19
2867 41
2866 76
2865 53
2864 89
2863 23
2862 68
2861 52
2860 7
2859 14
2858 100
2857 77
2856 100
2855 24
2854 45
2853 68
2852 68
2851 43
2850 18
2849 1
2848 46
2847 0
2846 65
2845 71
2844 77
2843 18
2842 41
2841 70
2840 84
2839 35
2838 27
2837 59
2836 2
2835 35
2834 18
2833 85
2832 9
2831 78
2830 46
2829 70
2828 85
2827 62
2826 76
2825 86
2824 65
2823 65
2822 70
2821 55
2820 50
2819 20
2818 62
2817 63
2816 19
2815 78
2814 61
2813 57
2812 71
2811 84
2810 56
2809 11
2808 93
2807 4
2806 74
2805 53
2804 76
2803 70
2802 56
2801 42
2800 55
2799 62
2798 61
2797 66
2796 22
2795 25
2794 2
2793 82
2792 84
2791 72
2790 73
2789 85
2788 5
2787 42
2786 24
2785 3
2784 12
2783 57
2782 72
2781 60
2780 67
2779 4
2778 44
2777 38
2776 4
2775 42
2774 0
2773 75
2772 16
2771 92
2770 3
2769 35
2768 10
2767 9
2766 13
2765 87
2764 24
2763 82
2762 31
2761 31
2760 50
2759 53
2758 83
2757 25
2756 80
2755 93
2754 83
2753 25
2752 53
2751 75
2750 18
2749 44
2748 85
2747 59
2746 96
2745 87
2744 77
2743 59
2742 54
2741 33
2740 50
2739 14
2738 8
2737 74
2736 22
2735 46
2734 86
2733 24
2732 86
2731 39
2730 4
2729 11
2728 72
2727 98
2726 71
2725 26
2724 37
2723 25
2722 71
2721 37
2720 50
2719 13
2718 82
2717 47
2716 80
2715 1
2714 58
2713 34
2712 84
2711 15
2710 58
2709 4
2708 72
2707 5
2706 84
2705 2
2704 16
2703 5
2702 85
2701 53
2700 81
2699 16
2698 71
2697 21
2696 80
2695 46
2694 16
2693 94
2692 88
2691 21
2690 60
2689 22
2688 58
2687 19
2686 41
2685 90
2684 79
2683 64
2682 64
2681 42
2680 16
2679 65
2678 89
2677 51
2676 30
2675 16
2674 46
2673 33
2672 70
2671 78
2670 24
2669 92
2668 38
2667 67
2666 66
2665 27
2664 35
2663 34
2662 41
2661 56
2660 63
2659 65
2658 85
2657 39
2656 92
2655 69
2654 41
2653 42
2652 66
2651 38
2650 52
2649 67
2648 35
2647 70
2646 90
2645 52
2644 39
2643 24
2642 42
2641 8
2640 79
2639 20
2638 11
2637 60
2636 21
2635 36
2634 16
2633 93
2632 12
2631 40
2630 76
2629 85
2628 95
2627 11
2626 3
2625 79
2624 96
2623 53
2622 50
2621 49
2620 45
2619 6
2618 91
2617 42
2616 27
2615 39
2614 0
2613 97
2612 30
2611 60
2610 59
2609 70
2608 32
2607 14
2606 0
2605 38
2604 65
2603 75
2602 38
2601 78
2600 39
2599 15
2598 69
2597 49
2596 38
2595 34
2594 39
2593 73
2592 78
2591 10
2590 86
2589 3
2588 76
2587 88
2586 71
2585 26
2584 13
2583 9
2582 49
2581 43
2580 100
2579 70
2578 71
2577 87
2576 33
2575 1
2574 27
2573 83
2572 37
2571 7
2570 61
2569 35
2568 80
2567 38
2566 42
2565 56
2564 96
2563 69
2562 17
2561 62
2560 8
2559 22
2558 36
2557 49
2556 39
2555 75
2554 73
2553 29
2552 56
2551 42
2550 69
2549 50
2548 90
2547 3
2546 81
2545 17
2544 11
2543 69
2542 39
2541 78
2540 43
2539 64
2538 54
2537 89
2536 49
2535 54
2534 43
2533 55
2532 62
2531 2
2530 56
2529 59
2528 88
2527 80
2526 9
2525 29
2524 51
2523 73
2522 64
2521 61
2520 50
2519 35
2518 9
2517 37
2516 32
2515 65
2514 72
2513 37
2512 89
2511 24
2510 68
2509 83
2508 69
2507 32
2506 68
2505 88
2504 29
2503 49
2502 100
2501 97
2500 58
2499 89
2498 80
2497 30
2496 65
2495 46
2494 80
2493 38
2492 33
2491 42
2490 31
2489 62
2488 20
2487 48
2486 66
2485 18
2484 99
2483 28
2482 71
2481 0
2480 42
2479 13
2478 67
2477 4
2476 45
2475 36
2474 52
2473 46
2472 90
2471 32
2470 67
2469 89
2468 26
2467 49
2466 26
2465 36
2464 2
2463 34
2462 97
2461 40
2460 94
2459 67
2458 53
2457 68
2456 33
2455 41
2454 80
2453 100
2452 44
2451 12
2450 29
2449 62
2448 73
2447 14
2446 100
2445 75
2444 51
2443 10
2442 14
2441 80
2440 37
2439 51
2438 26
2437 44
2436 49
2435 96
2434 43
2433 95
2432 60
2431 71
2430 24
2429 68
2428 50
2427 95
2426 75
2425 72
2424 7
2423 98
2422 83
2421 9
2420 16
2419 18
2418 56
2417 5
2416 53
2415 1
2414 52
2413 16
2412 66
2411 88
2410 26
2409 6
2408 39
2407 59
2406 25
2405 50
2404 21
2403 72
2402 32
2401 40
2400 17
2399 73
2398 9
2397 85
2396 9
2395 49
2394 80
2393 93
2392 53
2391 26
2390 81
2389 35
2388 70
2387 34
2386 24
2385 28
2384 5
2383 70
2382 22
2381 12
2380 61
2379 96
2378 43
2377 70
2376 76
2375 6
2374 46
2373 69
2372 89
2371 86
2370 33
2369 28
2368 84
2367 89
2366 81
2365 25
2364 65
2363 21
2362 73
2361 83
2360 99
2359 14
2358 88
2357 21
2356 41
2355 61
2354 0
2353 70
2352 23
2351 45
2350 17
2349 66
2348 10
2347 59
2346 93
2345 96
2344 69
2343 18
2342 82
2341 94
2340 67
2339 91
2338 50
2337 47
2336 18
2335 76
2334 4
2333 4
2332 55
2331 23
2330 54
2329 34
2328 9
2327 17
2326 83
2325 40
2324 93
2323 39
2322 19
2321 24
2320 30
2319 35
2318 84
2317 67
2316 77
2315 77
2314 18
2313 5
2312 4
2311 70
2310 67
2309 4
2308 28
2307 57
2306 38
2305 68
2304 68
2303 79
2302 83
2301 30
2300 93
2299 85
2298 76
2297 23
2296 47
2295 14
2294 72
2293 95
2292 18
2291 6
2290 3
2289 34
2288 84
2287 23
2286 40
2285 38
2284 4
2283 45
2282 89
2281 99
2280 89
2279 71
2278 26
2277 0
2276 37
2275 1
2274 20
2273 37
2272 81
2271 46
2270 33
2269 93
2268 3
2267 94
2266 56
2265 57
2264 0
2263 26
2262 24
2261 53
2260 22
2259 44
2258 35
2257 71
2256 37
2255 41
2254 60
2253 67
2252 38
2251 14
2250 30
2249 49
2248 86
2247 92
2246 75
2245 48
2244 84
2243 28
2242 49
2241 9
2240 4
2239 76
2238 44
2237 86
2236 98
2235 65
2234 67
2233 26
2232 25
2231 33
2230 19
2229 91
2228 58
2227 24
2226 11
2225 20
2224 92
2223 81
2222 74
2221 14
2220 99
2219 65
2218 26
2217 47
2216 3
2215 54
2214 26
2213 30
2212 4
2211 98
2210 37
2209 85
2208 95
2207 70
2206 80
2205 73
2204 73
2203 21
2202 61
2201 89
2200 75
2199 20
2198 68
2197 58
2196 34
2195 54
2194 8
2193 30
2192 40
2191 25
2190 93
2189 30
2188 62
2187 75
2186 68
2185 19
2184 100
2183 41
2182 31
2181 44
2180 63
2179 16
2178 1
2177 94
2176 78
2175 88
2174 64
2173 89
2172 70
2171 53
2170 97
2169 59
2168 16
2167 55
2166 71
2165 23
2164 22
2163 10
2162 99
2161 29
2160 89
2159 14
2158 29
2157 99
2156 27
2155 18
2154 76
2153 24
2152 38
2151 33
2150 22
2149 6
2148 85
2147 42
2146 33
2145 77
2144 48
2143 1
2142 9
2141 77
2140 42
2139 96
2138 98
2137 71
2136 14
2135 69
2134 36
2133 14
2132 62
2131 6
2130 15
2129 69
2128 86
2127 23
2126 86
2125 11
2124 50
2123 15
2122 42
2121 29
2120 69
2119 93
2118 49
2117 100
2116 54
2115 80
2114 67
2113 54
2112 62
2111 19
2110 61
2109 34
2108 53
2107 100
2106 90
2105 4
2104 41
2103 58
2102 78
2101 90
2100 33
2099 90
2098 33
2097 4
2096 87
2095 89
2094 20
2093 70
2092 67
2091 41
2090 69
2089 65
2088 51
2087 17
2086 58
2085 94
2084 30
2083 0
2082 20
2081 17
2080 99
2079 14
2078 20
2077 68
2076 26
2075 37
2074 24
2073 15
2072 2
2071 60
2070 87
2069 51
2068 58
2067 31
2066 92
2065 7
2064 87
2063 6
2062 19
2061 21
2060 20
2059 32
2058 1
2057 18
2056 28
2055 34
2054 0
2053 48
2052 97
2051 43
2050 79
2049 48
2048 75
2047 13
2046 39
2045 8
2044 72
2043 68
2042 61
2041 75
2040 40
2039 54
2038 83
2037 85
2036 73
2035 78
2034 8
2033 42
2032 41
2031 44
2030 96
2029 22
2028 76
2027 10
2026 93
2025 82
2024 35
2023 98
2022 3
2021 22
2020 22
2019 3
2018 88
2017 60
2016 8
2015 67
2014 81
2013 10
2012 48
2011 14
2010 62
2009 36
2008 12
2007 99
2006 32
2005 75
2004 32
2003 76
2002 68
2001 7
2000 71
1999 57
1998 71
1997 99
1996 31
1995 1
1994 13
1993 3
1992 33
1991 66
1990 84
1989 54
1988 93
1987 52
1986 42
1985 58
1984 24
1983 9
1982 100
1981 10
1980 68
1979 29
1978 4
1977 46
1976 46
1975 91
1974 55
1973 78
1972 74
1971 2
1970 92
1969 11
1968 25
1967 24
1966 23
1965 0
1964 100
1963 81
1962 82
1961 51
1960 19
1959 76
1958 23
1957 57
1956 19
1955 60
1954 30
1953 34
1952 39
1951 66
1950 60
1949 5
1948 93
1947 36
1946 25
1945 86
1944 2
1943 36
1942 57
1941 10
1940 95
1939 20
1938 98
1937 41
1936 34
1935 86
1934 10
1933 31
1932 100
1931 40
1930 59
1929 25
1928 5
1927 29
1926 44
1925 58
1924 57
1923 22
1922 70
1921 73
1920 7
1919 79
1918 50
1917 22
1916 83
1915 64
1914 96
1913 52
1912 51
1911 38
1910 21
1909 85
1908 73
1907 40
1906 33
1905 78
1904 84
1903 33
1902 17
1901 91
1900 100
1899 46
1898 98
1897 80
1896 21
1895 52
1894 21
1893 38
1892 61
1891 32
1890 28
1889 58
1888 61
1887 89
1886 50
1885 38
1884 64
1883 83
1882 42
1881 40
1880 53
1879 58
1878 95
1877 35
1876 15
1875 53
1874 55
1873 87
1872 12
1871 95
1870 32
1869 24
1868 36
1867 96
1866 62
1865 20
1864 68
1863 89
1862 91
1861 94
1860 47
1859 75
1858 11
1857 100
1856 47
1855 66
1854 11
1853 91
1852 50
1851 10
1850 92
1849 0
1848 58
1847 39
1846 91
1845 90
1844 46
1843 26
1842 71
1841 2
1840 24
1839 85
1838 2
1837 3
1836 6
1835 20
1834 65
1833 81
1832 59
1831 75
1830 30
1829 26
1828 36
1827 40
1826 59
1825 14
1824 99
1823 93
1822 49
1821 76
1820 55
1819 48
1818 30
1817 53
1816 5
1815 60
1814 29
1813 29
1812 48
1811 28
1810 41
1809 52
1808 41
1807 10
1806 11
1805 100
1804 16
1803 95
1802 74
1801 49
1800 3
1799 77
1798 2
1797 22
1796 63
1795 31
1794 79
1793 3
1792 36
1791 68
1790 76
1789 8
1788 51
1787 14
1786 89
1785 89
1784 4
1783 17
1782 27
1781 99
1780 17
1779 78
1778 21
1777 95
1776 54
1775 39
1774 52
1773 86
1772 98
1771 51
1770 71
1769 27
1768 56
1767 76
1766 33
1765 100
1764 1
1763 48
1762 60
1761 82
1760 98
1759 22
1758 94
1757 55
1756 55
1755 18
1754 69
1753 22
1752 57
1751 83
1750 51
1749 28
1748 39
1747 29
1746 28
1745 52
1744 52
1743 94
1742 43
1741 9
1740 71
1739 45
1738 82
1737 17
1736 35
1735 55
1734 91
1733 64
1732 56
1731 38
1730 85
1729 66
1728 94
1727 65
1726 19
1725 75
1724 61
1723 28
1722 72
1721 66
1720 94
1719 74
1718 26
1717 17
1716 9
1715 48
1714 4
1713 78
1712 53
1711 70
1710 78
1709 86
1708 31
1707 51
1706 52
1705 2
1704 74
1703 100
1702 70
1701 81
1700 1
1699 19
1698 89
1697 24
1696 78
1695 35
1694 98
1693 32
1692 35
1691 71
1690 24
1689 91
1688 47
1687 9
1686 76
1685 58
1684 36
1683 83
1682 55
1681 18
1680 46
1679 26
1678 17
1677 62
1676 30
1675 38
1674 74
1673 89
1672 41
1671 51
1670 95
1669 13
1668 55
1667 43
1666 18
1665 73
1664 58
1663 48
1662 20
1661 73
1660 89
1659 74
1658 86
1657 67
1656 1
1655 79
1654 76
1653 50
1652 65
1651 68
1650 77
1649 72
1648 66
1647 51
1646 80
1645 10
1644 82
1643 24
1642 42
1641 76
1640 30
1639 61
1638 10
1637 51
1636 70
1635 22
1634 6
1633 43
1632 56
1631 90
1630 1
1629 55
1628 41
1627 63
1626 39
1625 70
1624 98
1623 87
1622 50
1621 100
1620 45
1619 59
1618 85
1617 58
1616 6
1615 70
1614 10
1613 45
1612 4
1611 32
1610 70
1609 20
1608 50
1607 97
1606 90
1605 93
1604 17
1603 1
1602 6
1601 92
1600 56
1599 99
1598 20
1597 67
1596 7
1595 32
1594 4
1593 25
1592 60
1591 20
1590 76
1589 96
1588 87
1587 53
1586 76
1585 5
1584 85
1583 72
1582 16
1581 80
1580 50
1579 55
1578 74
1577 0
1576 14
1575 26
1574 83
1573 94
1572 64
1571 97
1570 84
1569 15
1568 17
1567 60
1566 22
1565 97
1564 98
1563 82
1562 5
1561 86
1560 21
1559 61
1558 91
1557 14
1556 91
1555 80
1554 52
1553 47
1552 91
1551 70
1550 8
1549 71
1548 76
1547 1
1546 70
1545 62
1544 71
1543 45
1542 66
1541 77
1540 4
1539 4
1538 65
1537 7
1536 88
1535 31
1534 54
1533 1
1532 9
1531 84
1530 50
1529 19
1528 42
1527 42
1526 21
1525 30
1524 38
1523 90
1522 77
1521 9
1520 63
1519 10
1518 45
1517 32
1516 85
1515 11
1514 48
1513 76
1512 24
1511 11
1510 55
1509 24
1508 87
1507 48
1506 37
1505 92
1504 46
1503 70
1502 92
1501 13
1500 7
1499 54
1498 39
1497 55
1496 14
1495 57
1494 73
1493 20
1492 91
1491 66
1490 100
1489 38
1488 55
1487 26
1486 86
1485 12
1484 63
1483 44
1482 95
1481 74
1480 6
1479 5
1478 90
1477 2
1476 23
1475 100
1474 16
1473 19
1472 39
1471 61
1470 67
1469 87
1468 19
1467 15
1466 14
1465 8
1464 36
1463 13
1462 5
1461 17
1460 3
1459 98
1458 76
1457 21
1456 49
1455 97
1454 7
1453 95
1452 78
1451 50
1450 84
1449 60
1448 64
1447 85
1446 82
1445 82
1444 1
1443 97
1442 20
1441 23
1440 20
1439 55
1438 54
1437 20
1436 86
1435 75
1434 74
1433 76
1432 5
1431 2
1430 13
1429 37
1428 28
1427 91
1426 16
1425 73
1424 36
1423 89
1422 4
1421 38
1420 67
1419 42
1418 56
1417 6
1416 65
1415 95
1414 97
1413 10
1412 79
1411 5
1410 21
1409 26
1408 83
1407 60
1406 57
1405 74
1404 67
1403 14
1402 60
1401 93
1400 43
1399 83
1398 81
1397 77
1396 99
1395 64
1394 5
1393 56
1392 78
1391 71
1390 45
1389 72
1388 63
1387 10
1386 100
1385 82
1384 27
1383 56
1382 74
1381 48
1380 5
1379 17
1378 2
1377 8
1376 60
1375 20
1374 21
1373 71
1372 69
1371 69
1370 78
1369 62
1368 72
1367 11
1366 81
1365 41
1364 18
1363 50
1362 52
1361 2
1360 91
1359 39
1358 13
1357 61
1356 9
1355 51
1354 82
1353 40
1352 59
1351 28
1350 71
1349 64
1348 34
1347 14
1346 13
1345 2
1344 13
1343 43
1342 80
1341 59
1340 17
1339 53
1338 22
1337 62
1336 98
1335 25
1334 82
1333 77
1332 21
1331 85
1330 65
1329 97
1328 90
1327 92
1326 9
1325 31
1324 36
1323 62
1322 19
1321 4
1320 53
1319 14
1318 89
1317 51
1316 60
1315 78
1314 83
1313 1
1312 68
1311 14
1310 21
1309 21
1308 62
1307 37
1306 68
1305 11
1304 5
1303 32
1302 28
1301 99
1300 56
1299 65
1298 3
1297 88
1296 54
1295 70
1294 66
1293 57
1292 68
1291 50
1290 100
1289 10
1288 100
1287 28
1286 84
1285 82
1284 14
1283 58
1282 48
1281 39
1280 26
1279 36
1278 34
1277 12
1276 91
1275 4
1274 33
1273 79
1272 57
1271 55
1270 4
1269 89
1268 43
1267 60
1266 49
1265 11
1264 9
1263 19
1262 95
1261 46
1260 97
1259 16
1258 36
1257 84
1256 88
1255 80
1254 90
1253 2
1252 15
1251 25
1250 52
1249 44
1248 64
1247 4
1246 100
1245 82
1244 39
1243 31
1242 45
1241 56
1240 42
1239 50
1238 90
1237 36
1236 98
1235 32
1234 52
1233 68
1232 4
1231 86
1230 37
1229 62
1228 35
1227 43
1226 81
1225 33
1224 46
1223 22
1222 98
1221 72
1220 46
1219 54
1218 84
1217 1
1216 4
1215 19
1214 90
1213 92
1212 13
1211 76
1210 3
1209 76
1208 99
1207 51
1206 44
1205 60
1204 42
1203 73
1202 0
1201 0
1200 45
1199 68
1198 26
1197 96
1196 55
1195 63
1194 66
1193 21
1192 19
1191 53
1190 82
1189 15
1188 89
1187 7
1186 88
1185 88
1184 42
1183 35
1182 56
1181 41
1180 37
1179 88
1178 54
1177 89
1176 81
1175 13
1174 54
1173 55
1172 34
1171 43
1170 63
1169 42
1168 40
1167 62
1166 84
1165 45
1164 30
1163 26
1162 40
1161 13
1160 12
1159 36
1158 48
1157 12
1156 50
1155 31
1154 87
1153 83
1152 49
1151 75
1150 55
1149 62
1148 87
1147 70
1146 93
1145 85
1144 62
1143 86
1142 92
1141 50
1140 80
1139 5
1138 87
1137 25
1136 50
1135 36
1134 13
1133 21
1132 94
1131 25
1130 62
1129 2
1128 33
1127 47
1126 56
1125 63
1124 76
1123 13
1122 69
1121 80
1120 20
1119 49
1118 96
1117 29
1116 73
1115 16
1114 5
1113 83
1112 95
1111 20
1110 17
1109 88
1108 87
1107 56
1106 5
1105 25
1104 48
1103 99
1102 15
1101 87
1100 8
1099 41
1098 60
1097 17
1096 74
1095 45
1094 34
1093 0
1092 27
1091 55
1090 93
1089 83
1088 78
1087 76
1086 52
1085 91
1084 51
1083 76
1082 15
1081 55
1080 29
1079 71
1078 21
1077 22
1076 46
1075 8
1074 0
1073 70
1072 39
1071 21
1070 21
1069 49
1068 83
1067 49
1066 85
1065 100
1064 56
1063 27
1062 76
1061 10
1060 43
1059 3
1058 50
1057 66
1056 13
1055 2
1054 9
1053 58
1052 82
1051 87
1050 21
1049 83
1048 64
1047 98
1046 44
1045 27
1044 89
1043 26
1042 3
1041 42
1040 6
1039 30
1038 79
1037 98
1036 61
1035 88
1034 13
1033 70
1032 52
1031 83
1030 84
1029 56
1028 67
1027 64
1026 59
1025 47
1024 46
1023 61
1022 37
1021 12
1020 76
1019 8
1018 23
1017 62
1016 47
1015 98
1014 37
1013 33
1012 26
1011 59
1010 23
1009 60
1008 69
1007 53
1006 69
1005 93
1004 63
1003 77
1002 100
1001 27
1000 62
999 89
998 0
997 19
996 55
995 41
994 31
993 96
992 34
991 32
990 19
989 5
988 95
987 28
986 33
985 99
984 78
983 2
982 96
981 69
980 7
979 99
978 7
977 5
976 6
975 25
974 32
973 57
972 35
971 33
970 33
969 72
968 4
967 44
966 56
965 14
964 87
963 24
962 14
961 22
960 92
959 65
958 23
957 79
956 72
955 17
954 96
953 13
952 64
951 37
950 76
949 70
948 93
947 80
946 4
945 70
944 33
943 62
942 25
941 25
940 46
939 13
938 69
937 94
936 33
935 47
934 29
933 75
932 87
931 38
930 9
929 2
928 54
927 18
926 64
925 1
924 89
923 6
922 47
921 81
920 44
919 50
918 9
917 86
916 74
915 53
914 56
913 18
912 31
911 50
910 56
909 69
908 91
907 40
906 17
905 84
904 64
903 5
902 99
901 17
900 88
899 36
898 58
897 13
896 35
895 79
894 21
893 39
892 64
891 10
890 38
889 39
888 98
887 64
886 37
885 91
884 51
883 84
882 80
881 93
880 31
879 3
878 52
877 69
876 79
875 25
874 92
873 77
872 55
871 30
870 69
869 92
868 65
867 30
866 37
865 0
864 80
863 74
862 65
861 32
860 8
859 71
858 97
857 69
856 10
855 68
854 12
853 59
852 15
851 11
850 1
849 77
848 96
847 16
846 7
845 61
844 99
843 54
842 87
841 57
840 74
839 17
838 92
837 21
836 12
835 82
834 27
833 64
832 15
831 30
830 39
829 7
828 55
827 10
826 55
825 44
824 53
823 68
822 76
821 79
820 23
819 43
818 100
817 98
816 45
815 35
814 51
813 11
812 94
811 85
810 47
809 89
808 86
807 92
806 94
805 35
804 65
803 13
802 23
801 77
800 33
799 20
798 36
797 4
796 46
795 42
794 53
793 45
792 58
791 5
790 85
789 32
788 44
787 4
786 26
785 19
784 80
783 63
782 79
781 87
780 14
779 53
778 2
777 38
776 80
775 36
774 94
773 1
772 17
771 77
770 80
769 85
768 70
767 62
766 47
765 58
764 11
763 64
762 69
761 20
760 47
759 0
758 40
757 68
756 39
755 87
754 59
753 47
752 54
751 57
750 92
749 18
748 55
747 85
746 90
745 34
744 35
743 12
742 68
741 76
740 66
739 33
738 70
737 68
736 83
735 96
734 58
733 72
732 100
731 55
730 95
729 70
728 1
727 71
726 91
725 59
724 68
723 59
722 78
721 12
720 11
719 19
718 74
717 37
716 30
715 52
714 9
713 47
712 82
711 35
710 2
709 84
708 9
707 67
706 76
705 23
704 86
703 95
702 25
701 77
700 84
699 80
698 39
697 80
696 39
695 34
694 15
693 77
692 66
691 10
690 16
689 77
688 1
687 78
686 5
685 29
684 64
683 37
682 72
681 98
680 95
679 69
678 21
677 55
676 36
675 71
674 29
673 78
672 31
671 45
670 70
669 81
668 75
667 85
666 70
665 14
664 38
663 59
662 52
661 77
660 93
659 47
658 35
657 17
656 23
655 35
654 79
653 0
652 26
651 34
650 36
649 29
648 71
647 22
646 79
645 94
644 42
643 1
642 48
641 13
640 32
639 55
638 39
637 39
636 70
635 59
634 31
633 18
632 0
631 24
630 87
629 84
628 61
627 96
626 36
625 58
624 22
623 69
622 98
621 55
620 81
619 100
618 54
617 11
616 53
615 51
614 84
613 62
612 69
611 80
610 55
609 98
608 72
607 78
606 97
605 79
604 99
603 42
602 49
601 18
600 63
599 37
598 34
597 39
596 91
595 26
594 100
593 56
592 49
591 32
590 24
589 86
588 44
587 4
586 89
585 94
584 73
583 30
582 28
581 4
580 66
579 77
578 97
577 20
576 59
575 56
574 44
573 47
572 52
571 79
570 55
569 98
568 8
567 88
566 21
565 19
564 6
563 43
562 24
561 27
560 60
559 45
558 61
557 20
556 87
555 62
554 15
553 30
552 49
551 8
550 13
549 47
548 80
547 61
546 76
545 41
544 59
543 46
542 64
541 79
540 64
539 91
538 34
537 68
536 69
535 24
534 75
533 64
532 17
531 38
530 38
529 0
528 27
527 13
526 72
525 0
524 54
523 3
522 32
521 68
520 31
519 55
518 9
517 75
516 70
515 26
514 79
513 42
512 82
511 38
510 9
509 22
508 49
507 38
506 15
505 89
504 87
503 43
502 23
501 83
500 50
499 32
498 91
497 71
496 12
495 39
494 4
493 50
492 55
491 20
490 44
489 16
488 3
487 25
486 51
485 50
484 2
483 79
482 60
481 51
480 40
479 48
478 100
477 48
476 60
475 84
474 97
473 6
472 5
471 92
470 40
469 56
468 91
467 62
466 97
465 52
464 89
463 98
462 57
461 89
460 8
459 50
458 68
457 94
456 63
455 91
454 30
453 7
452 57
451 44
450 83
449 8
448 63
447 5
446 4
445 24
444 98
443 94
442 1
441 11
440 52
439 81
438 63
437 16
436 89
435 39
434 95
433 64
432 29
431 99
430 43
429 59
428 23
427 44
426 66
425 93
424 23
423 14
422 61
421 93
420 98
419 88
418 12
417 12
416 49
415 22
414 33
413 94
412 5
411 98
410 8
409 59
408 72
407 58
406 49
405 76
404 62
403 32
402 89
401 11
400 2
399 15
398 65
397 63
396 63
395 67
394 38
393 3
392 32
391 91
390 5
389 6
388 29
387 0
386 72
385 63
384 44
383 47
382 74
381 30
380 57
379 57
378 53
377 92
376 8
375 13
374 47
373 80
372 95
371 18
370 65
369 7
368 8
367 39
366 86
365 18
364 56
363 74
362 17
361 82
360 47
359 4
358 3
357 97
356 92
355 98
354 51
353 14
352 55
351 38
350 83
349 31
348 93
347 94
346 22
345 64
344 53
343 10
342 41
341 70
340 81
339 14
338 28
337 12
336 51
335 91
334 18
333 89
332 47
331 3
330 79
329 56
328 86
327 82
326 71
325 20
324 16
323 42
322 8
321 9
320 83
319 56
318 74
317 5
316 75
315 49
314 98
313 11
312 41
311 95
310 68
309 38
308 17
307 31
306 25
305 55
304 16
303 30
302 36
301 1
300 64
299 34
298 56
297 46
296 35
295 91
294 61
293 89
292 13
291 82
290 21
289 79
288 70
287 73
286 5
285 86
284 68
283 58
282 20
281 12
280 95
279 81
278 14
277 59
276 47
275 61
274 2
273 40
272 25
271 22
270 37
269 34
268 97
267 88
266 7
265 67
264 77
263 76
262 59
261 79
260 10
259 55
258 9
257 84
256 29
255 69
254 64
253 25
252 3
251 38
250 39
249 25
248 98
247 27
246 18
245 14
244 52
243 49
242 61
241 64
240 26
239 98
238 98
237 97
236 49
235 10
234 21
233 2
232 99
231 2
230 19
229 0
228 82
227 31
226 92
225 100
224 83
223 13
222 2
221 83
220 31
219 88
218 16
217 60
216 62
215 83
214 16
213 23
212 24
211 77
210 14
209 15
208 84
207 45
206 13
205 40
204 11
203 91
202 33
201 98
200 51
199 36
198 25
197 90
196 40
195 23
194 93
193 44
192 16
191 65
190 91
189 100
188 55
187 85
186 8
185 90
184 58
183 93
182 97
181 1
180 65
179 29
178 69
177 32
176 22
175 89
174 95
173 70
172 71
171 21
170 22
169 15
168 33
167 68
166 89
165 28
164 83
163 73
162 46
161 34
160 49
159 56
158 46
157 60
156 62
155 14
154 82
153 24
152 26
151 39
150 62
149 33
148 45
147 31
146 14
145 29
144 95
143 67
142 83
141 15
140 5
139 98
138 53
137 96
136 52
135 70
134 12
133 25
132 97
131 36
130 13
129 30
128 87
127 27
126 1
125 14
124 100
123 67
122 32
121 27
120 69
119 76
118 35
117 61
116 9
115 2
114 0
113 10
112 61
111 63
110 56
109 96
108 83
107 38
106 20
105 31
104 42
103 69
102 96
101 82
100 17
99 44
98 69
97 45
96 77
95 56
94 71
93 45
92 6
91 99
90 69
89 69
88 78
87 67
86 6
85 57
84 36
83 60
82 90
81 40
80 45
79 9
78 87
77 92
76 13
75 59
74 85
73 74
72 61
71 80
70 92
69 65
68 87
67 64
66 94
65 100
64 61
63 23
62 7
61 3
60 66
59 97
58 40
57 44
56 4
55 14
54 23
53 86
52 70
51 65
50 65
49 83
48 55
47 69
46 91
45 67
44 42
43 77
42 0
41 48
40 46
39 90
38 83
37 22
36 92
35 64
34 83
33 47
32 62
31 44
30 57
29 51
28 47
27 43
26 54
25 61
24 22
23 58
22 84
21 42
20 46
19 73
18 45
17 100
16 42
15 93
14 92
13 37
12 90
11 71
10 77
9 0
8 15
7 72
6 39
5 71
4 73
3 85
2 44
1 75
0 89
