1000 57
999 38
998 63
997 20
996 87
995 11
994 42
993 30
992 45
991 67
990 91
989 30
988 35
987 23
986 98
985 6
984 66
983 92
982 80
981 47
980 52
979 63
978 2
977 58
976 12
975 7
974 47
973 70
972 30
971 91
970 0
969 49
968 54
967 81
966 73
965 85
964 3
963 51
962 62
961 46
960 96
959 21
958 12
957 98
956 42
955 48
954 7
953 44
952 85
951 2
950 47
949 86
948 46
947 29
946 80
945 73
944 91
943 44
942 64
941 22
940 13
939 2
938 21
937 3
936 40
935 49
934 63
933 71
932 2
931 30
930 99
929 16
928 1
927 0
926 91
925 74
924 38
923 95
922 17
921 9
920 28
919 96
918 1
917 93
916 50
915 42
914 79
913 24
912 16
911 35
910 23
909 24
908 98
907 72
906 89
905 60
904 47
903 19
902 19
901 32
900 71
899 86
898 36
897 90
896 37
895 91
894 37
893 4
892 56
891 80
890 52
889 77
888 33
887 33
886 51
885 79
884 94
883 23
882 41
881 100
880 67
879 15
878 33
877 87
876 27
875 22
874 36
873 40
872 58
871 61
870 3
869 37
868 34
867 87
866 8
865 7
864 6
863 64
862 91
861 12
860 24
859 67
858 65
857 29
856 89
855 86
854 93
853 47
852 83
851 16
850 87
849 12
848 18
847 10
846 45
845 21
844 5
843 22
842 95
841 82
840 1
839 75
838 19
837 61
836 31
835 89
834 3
833 14
832 75
831 20
830 22
829 20
828 74
827 37
826 58
825 32
824 93
823 16
822 47
821 94
820 79
819 47
818 3
817 37
816 34
815 77
814 99
813 4
812 46
811 77
810 2
809 63
808 15
807 68
806 67
805 27
804 77
803 28
802 45
801 44
800 4
799 13
798 62
797 84
796 85
795 79
794 76
793 38
792 26
791 64
790 18
789 87
788 90
787 31
786 59
785 97
784 40
783 17
782 27
781 84
780 85
779 50
778 70
777 79
776 52
775 67
774 49
773 19
772 62
771 78
770 19
769 10
768 99
767 55
766 40
765 54
764 81
763 26
762 38
761 28
760 44
759 91
758 23
757 98
756 63
755 88
754 60
753 26
752 77
751 72
750 95
749 93
748 3
747 43
746 25
745 14
744 22
743 31
742 10
741 98
740 83
739 9
738 47
737 30
736 50
735 45
734 45
733 92
732 89
731 86
730 24
729 16
728 82
727 19
726 53
725 11
724 23
723 4
722 14
721 85
720 87
719 12
718 85
717 8
716 14
715 94
714 12
713 10
712 19
711 9
710 92
709 92
708 33
707 57
706 6
705 28
704 18
703 42
702 80
701 92
700 94
699 90
698 57
697 100
696 8
695 40
694 64
693 58
692 76
691 36
690 28
689 81
688 99
687 18
686 27
685 65
684 17
683 27
682 38
681 17
680 12
679 61
678 9
677 69
676 63
675 81
674 59
673 38
672 57
671 59
670 50
669 75
668 15
667 57
666 61
665 89
664 38
663 7
662 100
661 15
660 84
659 89
658 43
657 76
656 35
655 54
654 14
653 31
652 85
651 44
650 70
649 15
648 17
647 85
646 26
645 5
644 98
643 37
642 39
641 49
640 92
639 62
638 31
637 54
636 76
635 84
634 8
633 66
632 78
631 1
630 45
629 42
628 54
627 5
626 82
625 38
624 57
623 26
622 71
621 41
620 24
619 44
618 19
617 86
616 71
615 83
614 47
613 5
612 55
611 41
610 67
609 83
608 58
607 41
606 25
605 90
604 7
603 55
602 60
601 15
600 69
599 85
598 50
597 44
596 62
595 76
594 50
593 76
592 60
591 16
590 68
589 100
588 68
587 61
586 69
585 49
584 85
583 3
582 31
581 81
580 96
579 80
578 95
577 50
576 91
575 5
574 32
573 8
572 100
571 1
570 19
569 83
568 36
567 23
566 76
565 36
564 40
563 7
562 36
561 44
560 2
559 12
558 46
557 70
556 71
555 64
554 28
553 93
552 2
551 73
550 38
549 88
548 69
547 43
546 55
545 77
544 27
543 14
542 47
541 53
540 59
539 75
538 35
537 44
536 30
535 67
534 83
533 78
532 87
531 49
530 49
529 43
528 39
527 100
526 80
525 98
524 32
523 6
522 96
521 54
520 37
519 8
518 52
517 22
516 22
515 71
514 58
513 30
512 43
511 15
510 35
509 11
508 45
507 100
506 1
505 61
504 39
503 28
502 41
501 62
500 33
499 56
498 95
497 19
496 30
495 72
494 64
493 56
492 67
491 40
490 43
489 71
488 74
487 70
486 7
485 35
484 7
483 60
482 98
481 57
480 59
479 2
478 36
477 44
476 16
475 77
474 78
473 22
472 95
471 54
470 48
469 11
468 95
467 36
466 23
465 54
464 31
463 67
462 92
461 60
460 29
459 44
458 47
457 82
456 56
455 79
454 27
453 79
452 19
451 12
450 15
449 90
448 19
447 22
446 71
445 74
444 53
443 30
442 41
441 0
440 18
439 28
438 0
437 8
436 12
435 95
434 16
433 24
432 31
431 74
430 63
429 34
428 56
427 11
426 78
425 28
424 71
423 34
422 61
421 32
420 97
419 45
418 61
417 92
416 74
415 64
414 95
413 99
412 49
411 9
410 87
409 61
408 93
407 34
406 10
405 51
404 87
403 71
402 76
401 59
400 97
399 37
398 60
397 48
396 22
395 27
394 27
393 8
392 87
391 15
390 37
389 61
388 55
387 11
386 13
385 39
384 57
383 32
382 0
381 46
380 65
379 94
378 35
377 23
376 74
375 56
374 75
373 40
372 66
371 43
370 47
369 83
368 0
367 20
366 0
365 75
364 22
363 8
362 33
361 95
360 85
359 39
358 47
357 31
356 50
355 81
354 8
353 79
352 51
351 73
350 78
349 61
348 0
347 26
346 52
345 34
344 60
343 25
342 18
341 42
340 49
339 8
338 65
337 38
336 56
335 32
334 3
333 16
332 97
331 14
330 11
329 77
328 44
327 0
326 46
325 12
324 3
323 27
322 41
321 25
320 33
319 76
318 24
317 70
316 66
315 49
314 65
313 64
312 35
311 43
310 30
309 39
308 61
307 80
306 73
305 91
304 69
303 94
302 0
301 82
300 45
299 71
298 73
297 60
296 24
295 41
294 12
293 0
292 58
291 52
290 61
289 51
288 14
287 35
286 43
285 65
284 8
283 95
282 7
281 21
280 71
279 96
278 31
277 21
276 97
275 59
274 46
273 6
272 65
271 90
270 91
269 72
268 62
267 0
266 98
265 29
264 30
263 63
262 100
261 42
260 39
259 73
258 30
257 65
256 63
255 51
254 57
253 15
252 72
251 51
250 18
249 13
248 34
247 30
246 12
245 64
244 68
243 9
242 60
241 23
240 95
239 22
238 35
237 11
236 84
235 80
234 84
233 34
232 13
231 69
230 43
229 40
228 98
227 48
226 46
225 16
224 81
223 92
222 75
221 26
220 8
219 54
218 32
217 96
216 92
215 24
214 67
213 57
212 37
211 23
210 53
209 83
208 86
207 0
206 69
205 22
204 55
203 20
202 17
201 68
200 84
199 21
198 55
197 85
196 32
195 43
194 58
193 15
192 66
191 91
190 84
189 82
188 22
187 42
186 71
185 30
184 46
183 91
182 86
181 45
180 2
179 85
178 34
177 65
176 41
175 17
174 53
173 50
172 88
171 45
170 32
169 4
168 58
167 61
166 43
165 43
164 67
163 87
162 77
161 44
160 31
159 78
158 16
157 12
156 36
155 80
154 11
153 46
152 37
151 71
150 54
149 86
148 4
147 16
146 56
145 47
144 14
143 27
142 5
141 87
140 23
139 70
138 38
137 30
136 55
135 33
134 91
133 44
132 63
131 73
130 63
129 55
128 10
127 12
126 15
125 50
124 86
123 76
122 64
121 96
120 17
119 65
118 82
117 55
116 100
115 33
114 34
113 30
112 26
111 61
110 76
109 55
108 97
107 63
106 85
105 73
104 59
103 81
102 22
101 73
100 21
99 61
98 17
97 29
96 77
95 43
94 6
93 25
92 10
91 98
90 94
89 48
88 77
87 16
86 59
85 3
84 38
83 10
82 28
81 24
80 35
79 29
78 63
77 25
76 4
75 79
74 92
73 40
72 100
71 53
70 21
69 74
68 62
67 10
66 100
65 81
64 94
63 43
62 67
61 68
60 31
59 25
58 7
57 14
56 88
55 97
54 51
53 60
52 14
51 59
50 36
49 41
48 80
47 84
46 47
45 84
44 32
43 55
42 77
41 71
40 94
39 3
38 20
37 96
36 52
35 18
34 79
33 58
32 75
31 33
30 36
29 76
28 25
27 54
26 70
25 76
24 65
23 87
22 50
21 16
20 96
19 10
18 84
17 97
16 99
15 36
14 27
13 37
12 100
11 60
10 23
9 64
8 7
7 35
6 25
5 38
4 46
3 94
2 40
1 62
0 41
