3750 54
3749 21
3748 41
3747 65
3746 4
3745 52
3744 66
3743 41
3742 32
3741 59
3740 60
3739 32
3738 98
3737 58
3736 1
3735 15
3734 80
3733 78
3732 47
3731 79
3730 41
3729 47
3728 50
3727 18
3726 17
3725 28
3724 21
3723 23
3722 24
3721 90
3720 52
3719 74
3718 57
3717 85
3716 32
3715 24
3714 98
3713 56
3712 33
3711 44
3710 37
3709 77
3708 39
3707 65
3706 46
3705 90
3704 95
3703 29
3702 61
3701 75
3700 89
3699 13
3698 21
3697 40
3696 99
3695 89
3694 65
3693 94
3692 28
3691 31
3690 90
3689 17
3688 83
3687 34
3686 63
3685 78
3684 39
3683 60
3682 7
3681 62
3680 94
3679 38
3678 49
3677 53
3676 63
3675 62
3674 80
3673 62
3672 52
3671 32
3670 70
3669 56
3668 55
3667 18
3666 70
3665 32
3664 16
3663 81
3662 34
3661 42
3660 0
3659 93
3658 28
3657 21
3656 83
3655 19
3654 35
3653 41
3652 94
3651 7
3650 1
3649 53
3648 83
3647 8
3646 70
3645 6
3644 82
3643 78
3642 80
3641 12
3640 73
3639 42
3638 84
3637 37
3636 80
3635 84
3634 100
3633 57
3632 76
3631 24
3630 59
3629 57
3628 64
3627 36
3626 37
3625 61
3624 41
3623 11
3622 67
3621 50
3620 100
3619 44
3618 3
3617 85
3616 17
3615 49
3614 88
3613 78
3612 58
3611 65
3610 80
3609 75
3608 12
3607 7
3606 6
3605 77
3604 21
3603 75
3602 60
3601 13
3600 91
3599 76
3598 85
3597 70
3596 2
3595 55
3594 33
3593 31
3592 16
3591 97
3590 86
3589 39
3588 29
3587 42
3586 67
3585 75
3584 10
3583 87
3582 48
3581 25
3580 31
3579 86
3578 44
3577 76
3576 49
3575 84
3574 12
3573 20
3572 91
3571 18
3570 72
3569 76
3568 92
3567 77
3566 71
3565 20
3564 13
3563 3
3562 92
3561 84
3560 8
3559 88
3558 19
3557 59
3556 45
3555 31
3554 36
3553 54
3552 19
3551 47
3550 82
3549 82
3548 47
3547 76
3546 28
3545 38
3544 86
3543 55
3542 73
3541 82
3540 0
3539 43
3538 67
3537 27
3536 6
3535 35
3534 84
3533 71
3532 65
3531 63
3530 16
3529 53
3528 37
3527 33
3526 83
3525 20
3524 77
3523 33
3522 63
3521 18
3520 100
3519 38
3518 22
3517 24
3516 17
3515 93
3514 99
3513 42
3512 16
3511 33
3510 26
3509 86
3508 19
3507 96
3506 93
3505 45
3504 20
3503 90
3502 59
3501 23
3500 68
3499 68
3498 71
3497 24
3496 29
3495 46
3494 64
3493 93
3492 81
3491 100
3490 49
3489 75
3488 19
3487 40
3486 13
3485 69
3484 54
3483 56
3482 27
3481 39
3480 45
3479 66
3478 45
3477 18
3476 49
3475 45
3474 9
3473 15
3472 39
3471 39
3470 85
3469 29
3468 83
3467 93
3466 5
3465 86
3464 77
3463 36
3462 96
3461 34
3460 89
3459 65
3458 48
3457 17
3456 52
3455 14
3454 96
3453 14
3452 28
3451 68
3450 51
3449 67
3448 54
3447 12
3446 73
3445 30
3444 65
3443 25
3442 63
3441 61
3440 42
3439 49
3438 30
3437 24
3436 43
3435 55
3434 76
3433 73
3432 31
3431 47
3430 27
3429 73
3428 82
3427 99
3426 49
3425 37
3424 100
3423 55
3422 31
3421 11
3420 99
3419 16
3418 80
3417 53
3416 58
3415 10
3414 29
3413 61
3412 53
3411 9
3410 48
3409 32
3408 32
3407 51
3406 83
3405 30
3404 10
3403 70
3402 29
3401 57
3400 44
3399 26
3398 12
3397 51
3396 78
3395 32
3394 31
3393 93
3392 83
3391 88
3390 67
3389 48
3388 45
3387 77
3386 52
3385 45
3384 56
3383 33
3382 78
3381 64
3380 7
3379 46
3378 70
3377 81
3376 38
3375 94
3374 73
3373 48
3372 47
3371 73
3370 7
3369 50
3368 41
3367 87
3366 4
3365 20
3364 9
3363 60
3362 25
3361 82
3360 37
3359 48
3358 65
3357 55
3356 55
3355 18
3354 21
3353 5
3352 18
3351 71
3350 1
3349 0
3348 97
3347 91
3346 51
3345 98
3344 90
3343 90
3342 38
3341 51
3340 57
3339 19
3338 94
3337 42
3336 44
3335 84
3334 58
3333 69
3332 93
3331 84
3330 16
3329 6
3328 9
3327 74
3326 10
3325 38
3324 98
3323 70
3322 86
3321 24
3320 9
3319 10
3318 6
3317 0
3316 48
3315 48
3314 13
3313 97
3312 5
3311 3
3310 40
3309 98
3308 69
3307 76
3306 69
3305 70
3304 15
3303 9
3302 8
3301 69
3300 78
3299 21
3298 58
3297 70
3296 86
3295 39
3294 91
3293 84
3292 5
3291 75
3290 38
3289 68
3288 25
3287 97
3286 65
3285 49
3284 3
3283 64
3282 21
3281 90
3280 57
3279 10
3278 26
3277 50
3276 1
3275 31
3274 48
3273 84
3272 64
3271 37
3270 100
3269 11
3268 55
3267 34
3266 14
3265 3
3264 97
3263 9
3262 40
3261 35
3260 83
3259 23
3258 83
3257 78
3256 48
3255 29
3254 54
3253 15
3252 73
3251 24
3250 30
3249 28
3248 38
3247 58
3246 0
3245 14
3244 90
3243 14
3242 27
3241 65
3240 3
3239 17
3238 72
3237 11
3236 52
3235 15
3234 94
3233 28
3232 14
3231 69
3230 62
3229 72
3228 55
3227 75
3226 10
3225 2
3224 53
3223 80
3222 0
3221 38
3220 32
3219 54
3218 84
3217 48
3216 24
3215 69
3214 16
3213 44
3212 37
3211 95
3210 7
3209 55
3208 70
3207 86
3206 81
3205 51
3204 46
3203 97
3202 4
3201 41
3200 94
3199 98
3198 93
3197 60
3196 6
3195 74
3194 62
3193 57
3192 85
3191 1
3190 24
3189 88
3188 11
3187 72
3186 4
3185 54
3184 59
3183 11
3182 6
3181 6
3180 56
3179 12
3178 1
3177 41
3176 24
3175 98
3174 72
3173 69
3172 36
3171 16
3170 34
3169 2
3168 75
3167 23
3166 60
3165 36
3164 65
3163 100
3162 80
3161 35
3160 25
3159 29
3158 80
3157 14
3156 54
3155 55
3154 19
3153 79
3152 96
3151 11
3150 2
3149 43
3148 38
3147 15
3146 75
3145 28
3144 45
3143 72
3142 45
3141 89
3140 63
3139 6
3138 59
3137 52
3136 29
3135 30
3134 88
3133 32
3132 41
3131 20
3130 98
3129 53
3128 37
3127 14
3126 4
3125 8
3124 51
3123 92
3122 79
3121 48
3120 80
3119 65
3118 57
3117 28
3116 12
3115 33
3114 77
3113 86
3112 52
3111 51
3110 22
3109 84
3108 88
3107 42
3106 62
3105 89
3104 62
3103 70
3102 4
3101 3
3100 14
3099 58
3098 77
3097 88
3096 28
3095 0
3094 64
3093 20
3092 37
3091 6
3090 10
3089 82
3088 40
3087 59
3086 28
3085 49
3084 57
3083 69
3082 76
3081 95
3080 5
3079 20
3078 90
3077 61
3076 22
3075 39
3074 28
3073 19
3072 99
3071 86
3070 23
3069 53
3068 63
3067 72
3066 66
3065 2
3064 17
3063 78
3062 98
3061 77
3060 43
3059 46
3058 10
3057 30
3056 22
3055 95
3054 56
3053 23
3052 51
3051 3
3050 75
3049 31
3048 6
3047 69
3046 51
3045 72
3044 16
3043 18
3042 46
3041 30
3040 26
3039 61
3038 92
3037 42
3036 57
3035 27
3034 75
3033 5
3032 0
3031 47
3030 32
3029 4
3028 82
3027 96
3026 58
3025 99
3024 40
3023 14
3022 8
3021 5
3020 34
3019 68
3018 66
3017 44
3016 48
3015 1
3014 98
3013 42
3012 61
3011 84
3010 12
3009 95
3008 11
3007 68
3006 15
3005 82
3004 89
3003 90
3002 39
3001 61
3000 41
2999 20
2998 4
2997 14
2996 100
2995 2
2994 0
2993 88
2992 60
2991 72
2990 54
2989 22
2988 34
2987 70
2986 79
2985 49
2984 24
2983 9
2982 69
2981 1
2980 19
2979 99
2978 15
2977 40
2976 17
2975 65
2974 18
2973 18
2972 62
2971 33
2970 0
2969 34
2968 36
2967 4
2966 32
2965 20
2964 78
2963 17
2962 37
2961 27
2960 35
2959 96
2958 99
2957 9
2956 48
2955 92
2954 83
2953 38
2952 24
2951 45
2950 45
2949 27
2948 32
2947 45
2946 59
2945 55
2944 25
2943 50
2942 49
2941 1
2940 58
2939 32
2938 47
2937 23
2936 66
2935 85
2934 44
2933 54
2932 84
2931 46
2930 67
2929 69
2928 85
2927 5
2926 21
2925 0
2924 23
2923 69
2922 93
2921 38
2920 26
2919 95
2918 65
2917 24
2916 65
2915 10
2914 53
2913 78
2912 18
2911 44
2910 41
2909 76
2908 89
2907 77
2906 65
2905 94
2904 19
2903 25
2902 55
2901 52
2900 93
2899 24
2898 38
2897 89
2896 13
2895 90
2894 34
2893 19
2892 49
2891 77
2890 31
2889 1
2888 0
2887 20
2886 59
2885 84
2884 17
2883 64
2882 90
2881 33
2880 10
2879 71
2878 32
2877 52
2876 28
2875 7
2874 82
2873 53
2872 81
2871 74
2870 92
2869 3
2868 27
2867 69
2866 24
2865 97
2864 72
2863 52
2862 47
2861 95
2860 86
2859 31
2858 19
2857 94
2856 13
2855 67
2854 27
2853 42
2852 76
2851 91
2850 49
2849 18
2848 33
2847 35
2846 9
2845 41
2844 74
2843 31
2842 61
2841 80
2840 11
2839 8
2838 7
2837 65
2836 12
2835 42
2834 36
2833 85
2832 4
2831 6
2830 87
2829 76
2828 81
2827 29
2826 62
2825 18
2824 81
2823 73
2822 93
2821 25
2820 70
2819 40
2818 83
2817 99
2816 37
2815 91
2814 65
2813 38
2812 35
2811 97
2810 85
2809 51
2808 100
2807 96
2806 75
2805 10
2804 33
2803 35
2802 70
2801 41
2800 26
2799 36
2798 56
2797 74
2796 75
2795 73
2794 29
2793 12
2792 82
2791 73
2790 22
2789 54
2788 29
2787 82
2786 9
2785 19
2784 43
2783 14
2782 48
2781 55
2780 63
2779 80
2778 16
2777 86
2776 37
2775 88
2774 69
2773 78
2772 82
2771 66
2770 47
2769 51
2768 93
2767 87
2766 79
2765 95
2764 36
2763 97
2762 32
2761 71
2760 21
2759 48
2758 41
2757 39
2756 84
2755 0
2754 9
2753 65
2752 52
2751 1
2750 72
2749 13
2748 6
2747 32
2746 62
2745 98
2744 33
2743 63
2742 28
2741 17
2740 77
2739 21
2738 86
2737 85
2736 64
2735 77
2734 90
2733 74
2732 50
2731 47
2730 57
2729 47
2728 63
2727 64
2726 100
2725 69
2724 91
2723 57
2722 31
2721 34
2720 4
2719 96
2718 40
2717 90
2716 10
2715 72
2714 1
2713 86
2712 52
2711 79
2710 41
2709 1
2708 64
2707 56
2706 81
2705 37
2704 93
2703 97
2702 32
2701 39
2700 33
2699 31
2698 34
2697 13
2696 66
2695 16
2694 38
2693 48
2692 15
2691 4
2690 4
2689 24
2688 19
2687 74
2686 95
2685 78
2684 69
2683 68
2682 91
2681 10
2680 60
2679 55
2678 9
2677 41
2676 94
2675 94
2674 39
2673 73
2672 44
2671 29
2670 46
2669 58
2668 78
2667 19
2666 91
2665 30
2664 98
2663 3
2662 15
2661 41
2660 31
2659 59
2658 26
2657 66
2656 27
2655 41
2654 53
2653 4
2652 57
2651 5
2650 99
2649 4
2648 50
2647 49
2646 98
2645 59
2644 88
2643 24
2642 18
2641 70
2640 6
2639 23
2638 63
2637 97
2636 81
2635 46
2634 79
2633 40
2632 81
2631 10
2630 13
2629 88
2628 4
2627 31
2626 87
2625 71
2624 80
2623 77
2622 3
2621 71
2620 51
2619 5
2618 14
2617 32
2616 90
2615 94
2614 37
2613 74
2612 30
2611 3
2610 64
2609 70
2608 29
2607 23
2606 43
2605 26
2604 34
2603 69
2602 49
2601 45
2600 87
2599 48
2598 91
2597 30
2596 76
2595 76
2594 7
2593 30
2592 22
2591 13
2590 49
2589 42
2588 23
2587 64
2586 28
2585 20
2584 10
2583 15
2582 11
2581 71
2580 64
2579 77
2578 44
2577 80
2576 20
2575 89
2574 75
2573 2
2572 39
2571 94
2570 2
2569 66
2568 0
2567 1
2566 74
2565 47
2564 46
2563 66
2562 43
2561 85
2560 71
2559 11
2558 75
2557 24
2556 70
2555 79
2554 37
2553 5
2552 46
2551 60
2550 58
2549 16
2548 45
2547 78
2546 51
2545 58
2544 74
2543 93
2542 35
2541 62
2540 18
2539 82
2538 18
2537 25
2536 50
2535 70
2534 23
2533 21
2532 5
2531 99
2530 36
2529 54
2528 57
2527 35
2526 82
2525 31
2524 28
2523 21
2522 70
2521 52
2520 21
2519 64
2518 55
2517 65
2516 53
2515 82
2514 71
2513 92
2512 84
2511 90
2510 12
2509 26
2508 39
2507 36
2506 100
2505 44
2504 20
2503 87
2502 15
2501 100
2500 91
2499 7
2498 35
2497 36
2496 76
2495 49
2494 86
2493 1
2492 48
2491 5
2490 0
2489 13
2488 48
2487 91
2486 95
2485 66
2484 12
2483 34
2482 42
2481 3
2480 63
2479 57
2478 30
2477 58
2476 44
2475 32
2474 51
2473 19
2472 29
2471 57
2470 57
2469 34
2468 56
2467 14
2466 60
2465 63
2464 65
2463 20
2462 31
2461 6
2460 69
2459 62
2458 74
2457 77
2456 82
2455 62
2454 43
2453 74
2452 58
2451 99
2450 28
2449 98
2448 44
2447 68
2446 32
2445 18
2444 91
2443 48
2442 50
2441 68
2440 22
2439 79
2438 19
2437 27
2436 73
2435 98
2434 0
2433 59
2432 92
2431 7
2430 38
2429 4
2428 57
2427 15
2426 94
2425 38
2424 77
2423 38
2422 4
2421 23
2420 11
2419 84
2418 39
2417 81
2416 16
2415 41
2414 29
2413 13
2412 0
2411 94
2410 85
2409 68
2408 24
2407 15
2406 41
2405 24
2404 5
2403 15
2402 67
2401 61
2400 3
2399 57
2398 53
2397 90
2396 21
2395 28
2394 90
2393 1
2392 3
2391 33
2390 88
2389 29
2388 9
2387 58
2386 34
2385 56
2384 16
2383 95
2382 75
2381 46
2380 83
2379 30
2378 70
2377 72
2376 13
2375 16
2374 77
2373 69
2372 92
2371 54
2370 69
2369 1
2368 56
2367 48
2366 43
2365 93
2364 79
2363 15
2362 78
2361 11
2360 3
2359 18
2358 7
2357 70
2356 71
2355 68
2354 78
2353 85
2352 84
2351 4
2350 83
2349 14
2348 26
2347 43
2346 86
2345 51
2344 54
2343 93
2342 88
2341 47
2340 18
2339 68
2338 79
2337 28
2336 24
2335 85
2334 90
2333 27
2332 40
2331 98
2330 100
2329 97
2328 99
2327 82
2326 54
2325 11
2324 13
2323 81
2322 0
2321 58
2320 4
2319 28
2318 53
2317 56
2316 12
2315 62
2314 47
2313 47
2312 11
2311 33
2310 6
2309 24
2308 52
2307 43
2306 23
2305 12
2304 40
2303 32
2302 59
2301 73
2300 1
2299 45
2298 87
2297 63
2296 78
2295 56
2294 24
2293 60
2292 11
2291 41
2290 58
2289 3
2288 93
2287 9
2286 52
2285 71
2284 90
2283 14
2282 25
2281 86
2280 37
2279 88
2278 48
2277 6
2276 85
2275 46
2274 62
2273 26
2272 78
2271 97
2270 38
2269 22
2268 6
2267 79
2266 37
2265 18
2264 65
2263 19
2262 96
2261 20
2260 12
2259 4
2258 21
2257 73
2256 15
2255 13
2254 36
2253 58
2252 1
2251 37
2250 13
2249 95
2248 90
2247 49
2246 96
2245 88
2244 2
2243 32
2242 96
2241 83
2240 89
2239 64
2238 88
2237 40
2236 65
2235 16
2234 63
2233 20
2232 2
2231 50
2230 28
2229 77
2228 44
2227 90
2226 31
2225 85
2224 96
2223 70
2222 53
2221 56
2220 8
2219 52
2218 37
2217 55
2216 70
2215 99
2214 20
2213 67
2212 81
2211 14
2210 58
2209 8
2208 29
2207 64
2206 81
2205 53
2204 79
2203 38
2202 61
2201 89
2200 20
2199 73
2198 2
2197 84
2196 23
2195 15
2194 25
2193 28
2192 96
2191 19
2190 28
2189 6
2188 4
2187 96
2186 3
2185 23
2184 85
2183 61
2182 63
2181 71
2180 89
2179 47
2178 6
2177 77
2176 61
2175 69
2174 3
2173 12
2172 68
2171 84
2170 4
2169 38
2168 74
2167 32
2166 28
2165 11
2164 26
2163 5
2162 16
2161 19
2160 36
2159 65
2158 94
2157 56
2156 51
2155 21
2154 41
2153 53
2152 60
2151 83
2150 3
2149 22
2148 61
2147 9
2146 21
2145 40
2144 54
2143 54
2142 2
2141 25
2140 57
2139 12
2138 58
2137 75
2136 77
2135 24
2134 12
2133 7
2132 82
2131 99
2130 88
2129 11
2128 1
2127 95
2126 33
2125 36
2124 79
2123 77
2122 34
2121 51
2120 22
2119 85
2118 89
2117 81
2116 7
2115 35
2114 18
2113 26
2112 91
2111 18
2110 96
2109 57
2108 4
2107 9
2106 97
2105 50
2104 38
2103 52
2102 40
2101 0
2100 74
2099 13
2098 35
2097 30
2096 44
2095 76
2094 3
2093 92
2092 5
2091 72
2090 88
2089 68
2088 18
2087 12
2086 24
2085 23
2084 32
2083 43
2082 62
2081 30
2080 33
2079 75
2078 67
2077 73
2076 17
2075 52
2074 37
2073 81
2072 22
2071 9
2070 77
2069 64
2068 89
2067 16
2066 60
2065 62
2064 80
2063 52
2062 45
2061 87
2060 46
2059 35
2058 49
2057 91
2056 45
2055 21
2054 58
2053 66
2052 47
2051 48
2050 54
2049 75
2048 73
2047 25
2046 13
2045 41
2044 50
2043 82
2042 27
2041 82
2040 13
2039 50
2038 83
2037 53
2036 40
2035 27
2034 10
2033 3
2032 49
2031 49
2030 23
2029 22
2028 93
2027 3
2026 28
2025 74
2024 11
2023 26
2022 49
2021 62
2020 97
2019 67
2018 65
2017 62
2016 65
2015 44
2014 90
2013 56
2012 23
2011 15
2010 15
2009 8
2008 75
2007 32
2006 55
2005 99
2004 79
2003 42
2002 34
2001 56
2000 93
1999 76
1998 3
1997 97
1996 3
1995 41
1994 48
1993 98
1992 53
1991 55
1990 41
1989 7
1988 19
1987 13
1986 1
1985 93
1984 12
1983 84
1982 28
1981 42
1980 83
1979 21
1978 79
1977 81
1976 69
1975 28
1974 3
1973 43
1972 41
1971 35
1970 56
1969 91
1968 68
1967 11
1966 84
1965 82
1964 93
1963 43
1962 80
1961 33
1960 69
1959 67
1958 17
1957 17
1956 77
1955 53
1954 22
1953 81
1952 76
1951 79
1950 96
1949 18
1948 15
1947 66
1946 64
1945 39
1944 19
1943 54
1942 34
1941 31
1940 16
1939 86
1938 91
1937 19
1936 82
1935 50
1934 64
1933 40
1932 6
1931 82
1930 86
1929 40
1928 46
1927 4
1926 22
1925 47
1924 55
1923 39
1922 82
1921 37
1920 25
1919 80
1918 56
1917 47
1916 16
1915 26
1914 58
1913 20
1912 58
1911 69
1910 23
1909 50
1908 85
1907 70
1906 88
1905 32
1904 27
1903 57
1902 8
1901 96
1900 36
1899 27
1898 44
1897 4
1896 49
1895 81
1894 38
1893 20
1892 72
1891 50
1890 30
1889 39
1888 87
1887 49
1886 5
1885 65
1884 37
1883 81
1882 36
1881 38
1880 44
1879 88
1878 36
1877 13
1876 44
1875 17
1874 7
1873 57
1872 2
1871 24
1870 36
1869 36
1868 36
1867 83
1866 47
1865 99
1864 18
1863 100
1862 57
1861 32
1860 18
1859 3
1858 71
1857 80
1856 67
1855 20
1854 9
1853 46
1852 10
1851 24
1850 67
1849 77
1848 81
1847 27
1846 41
1845 33
1844 44
1843 37
1842 63
1841 1
1840 66
1839 75
1838 81
1837 40
1836 15
1835 64
1834 52
1833 24
1832 3
1831 7
1830 78
1829 88
1828 4
1827 77
1826 7
1825 31
1824 2
1823 55
1822 49
1821 36
1820 4
1819 29
1818 1
1817 23
1816 93
1815 37
1814 56
1813 10
1812 31
1811 71
1810 96
1809 53
1808 46
1807 22
1806 73
1805 6
1804 19
1803 85
1802 96
1801 48
1800 80
1799 17
1798 93
1797 91
1796 14
1795 35
1794 16
1793 22
1792 90
1791 56
1790 35
1789 54
1788 49
1787 66
1786 89
1785 47
1784 72
1783 100
1782 69
1781 28
1780 8
1779 11
1778 45
1777 43
1776 16
1775 50
1774 95
1773 73
1772 95
1771 28
1770 72
1769 38
1768 22
1767 61
1766 39
1765 67
1764 90
1763 59
1762 73
1761 27
1760 32
1759 92
1758 98
1757 3
1756 87
1755 36
1754 97
1753 53
1752 84
1751 43
1750 52
1749 48
1748 6
1747 53
1746 92
1745 84
1744 89
1743 53
1742 20
1741 65
1740 88
1739 52
1738 35
1737 76
1736 4
1735 79
1734 3
1733 96
1732 94
1731 59
1730 43
1729 38
1728 84
1727 28
1726 79
1725 80
1724 33
1723 32
1722 72
1721 46
1720 42
1719 60
1718 83
1717 32
1716 70
1715 44
1714 91
1713 76
1712 47
1711 84
1710 35
1709 40
1708 64
1707 13
1706 67
1705 95
1704 14
1703 4
1702 96
1701 51
1700 68
1699 45
1698 51
1697 53
1696 60
1695 46
1694 62
1693 23
1692 24
1691 40
1690 100
1689 40
1688 79
1687 35
1686 64
1685 5
1684 51
1683 30
1682 77
1681 63
1680 94
1679 77
1678 64
1677 95
1676 50
1675 33
1674 3
1673 54
1672 100
1671 61
1670 30
1669 85
1668 72
1667 93
1666 21
1665 38
1664 85
1663 5
1662 10
1661 66
1660 15
1659 5
1658 68
1657 73
1656 49
1655 18
1654 7
1653 15
1652 88
1651 39
1650 98
1649 11
1648 34
1647 68
1646 52
1645 62
1644 8
1643 39
1642 88
1641 93
1640 1
1639 44
1638 58
1637 13
1636 19
1635 88
1634 64
1633 10
1632 79
1631 81
1630 41
1629 22
1628 26
1627 75
1626 34
1625 97
1624 90
1623 0
1622 26
1621 48
1620 55
1619 18
1618 16
1617 10
1616 14
1615 95
1614 59
1613 14
1612 61
1611 19
1610 57
1609 31
1608 72
1607 84
1606 99
1605 82
1604 52
1603 7
1602 92
1601 62
1600 68
1599 19
1598 37
1597 13
1596 70
1595 99
1594 95
1593 23
1592 26
1591 4
1590 19
1589 29
1588 0
1587 17
1586 76
1585 34
1584 89
1583 59
1582 56
1581 50
1580 43
1579 19
1578 14
1577 63
1576 88
1575 60
1574 89
1573 68
1572 53
1571 13
1570 20
1569 74
1568 49
1567 74
1566 35
1565 97
1564 1
1563 77
1562 95
1561 27
1560 60
1559 13
1558 65
1557 38
1556 58
1555 91
1554 64
1553 79
1552 46
1551 66
1550 89
1549 48
1548 79
1547 86
1546 8
1545 92
1544 13
1543 71
1542 4
1541 63
1540 29
1539 43
1538 7
1537 62
1536 33
1535 82
1534 80
1533 30
1532 12
1531 36
1530 97
1529 42
1528 0
1527 77
1526 10
1525 69
1524 100
1523 73
1522 43
1521 76
1520 69
1519 3
1518 34
1517 15
1516 25
1515 53
1514 95
1513 28
1512 99
1511 13
1510 20
1509 20
1508 68
1507 19
1506 58
1505 22
1504 15
1503 58
1502 16
1501 79
1500 46
1499 82
1498 34
1497 56
1496 86
1495 59
1494 96
1493 46
1492 50
1491 15
1490 84
1489 5
1488 7
1487 82
1486 18
1485 69
1484 54
1483 37
1482 32
1481 65
1480 14
1479 83
1478 89
1477 92
1476 58
1475 83
1474 82
1473 74
1472 89
1471 0
1470 65
1469 46
1468 88
1467 41
1466 55
1465 55
1464 5
1463 57
1462 47
1461 54
1460 93
1459 54
1458 17
1457 14
1456 97
1455 61
1454 70
1453 34
1452 82
1451 46
1450 7
1449 70
1448 65
1447 24
1446 51
1445 15
1444 22
1443 24
1442 15
1441 27
1440 49
1439 77
1438 18
1437 94
1436 19
1435 54
1434 42
1433 40
1432 20
1431 6
1430 71
1429 83
1428 38
1427 45
1426 6
1425 52
1424 49
1423 32
1422 0
1421 52
1420 69
1419 64
1418 85
1417 1
1416 4
1415 66
1414 69
1413 7
1412 47
1411 21
1410 18
1409 90
1408 51
1407 53
1406 92
1405 43
1404 73
1403 28
1402 31
1401 94
1400 82
1399 50
1398 81
1397 86
1396 95
1395 66
1394 60
1393 59
1392 24
1391 83
1390 47
1389 71
1388 0
1387 16
1386 83
1385 4
1384 23
1383 69
1382 50
1381 100
1380 88
1379 53
1378 23
1377 30
1376 11
1375 73
1374 29
1373 3
1372 16
1371 62
1370 7
1369 45
1368 8
1367 56
1366 58
1365 27
1364 25
1363 8
1362 67
1361 47
1360 82
1359 27
1358 45
1357 39
1356 72
1355 3
1354 89
1353 63
1352 47
1351 31
1350 66
1349 75
1348 40
1347 52
1346 68
1345 43
1344 7
1343 14
1342 36
1341 15
1340 79
1339 38
1338 26
1337 22
1336 6
1335 4
1334 20
1333 40
1332 77
1331 9
1330 47
1329 34
1328 61
1327 44
1326 5
1325 93
1324 41
1323 29
1322 50
1321 64
1320 69
1319 36
1318 35
1317 22
1316 23
1315 67
1314 29
1313 78
1312 14
1311 27
1310 26
1309 47
1308 28
1307 90
1306 17
1305 7
1304 74
1303 60
1302 43
1301 38
1300 93
1299 12
1298 43
1297 37
1296 65
1295 15
1294 9
1293 69
1292 40
1291 49
1290 44
1289 85
1288 93
1287 91
1286 51
1285 21
1284 57
1283 91
1282 76
1281 95
1280 5
1279 48
1278 31
1277 54
1276 72
1275 91
1274 78
1273 75
1272 46
1271 44
1270 0
1269 4
1268 4
1267 96
1266 38
1265 18
1264 23
1263 78
1262 7
1261 82
1260 78
1259 91
1258 1
1257 28
1256 45
1255 77
1254 23
1253 82
1252 52
1251 34
1250 39
1249 89
1248 67
1247 30
1246 23
1245 39
1244 95
1243 34
1242 78
1241 28
1240 35
1239 50
1238 88
1237 69
1236 33
1235 53
1234 79
1233 47
1232 92
1231 61
1230 15
1229 64
1228 63
1227 90
1226 59
1225 49
1224 30
1223 85
1222 21
1221 3
1220 98
1219 76
1218 92
1217 6
1216 29
1215 20
1214 99
1213 91
1212 26
1211 93
1210 33
1209 95
1208 33
1207 75
1206 98
1205 62
1204 71
1203 31
1202 24
1201 4
1200 80
1199 91
1198 39
1197 62
1196 56
1195 31
1194 67
1193 85
1192 86
1191 5
1190 66
1189 73
1188 22
1187 76
1186 89
1185 68
1184 22
1183 75
1182 54
1181 19
1180 17
1179 63
1178 82
1177 83
1176 49
1175 46
1174 13
1173 62
1172 44
1171 34
1170 35
1169 83
1168 26
1167 70
1166 60
1165 39
1164 14
1163 42
1162 6
1161 93
1160 20
1159 64
1158 98
1157 64
1156 63
1155 74
1154 33
1153 8
1152 73
1151 68
1150 69
1149 65
1148 66
1147 74
1146 61
1145 28
1144 38
1143 7
1142 16
1141 40
1140 85
1139 24
1138 82
1137 64
1136 20
1135 48
1134 23
1133 93
1132 24
1131 48
1130 54
1129 79
1128 47
1127 7
1126 79
1125 54
1124 62
1123 50
1122 2
1121 93
1120 71
1119 2
1118 98
1117 41
1116 97
1115 28
1114 56
1113 69
1112 72
1111 96
1110 83
1109 9
1108 49
1107 58
1106 35
1105 36
1104 65
1103 52
1102 48
1101 77
1100 27
1099 67
1098 46
1097 71
1096 63
1095 41
1094 52
1093 75
1092 10
1091 35
1090 14
1089 90
1088 33
1087 3
1086 31
1085 84
1084 56
1083 86
1082 83
1081 45
1080 61
1079 9
1078 59
1077 76
1076 52
1075 82
1074 5
1073 17
1072 82
1071 34
1070 44
1069 51
1068 5
1067 75
1066 71
1065 87
1064 0
1063 53
1062 26
1061 8
1060 89
1059 20
1058 14
1057 43
1056 37
1055 22
1054 57
1053 3
1052 91
1051 10
1050 45
1049 98
1048 86
1047 72
1046 95
1045 73
1044 7
1043 33
1042 63
1041 47
1040 64
1039 71
1038 50
1037 86
1036 17
1035 56
1034 60
1033 43
1032 48
1031 86
1030 21
1029 52
1028 21
1027 45
1026 53
1025 79
1024 30
1023 96
1022 73
1021 39
1020 71
1019 20
1018 56
1017 15
1016 86
1015 12
1014 55
1013 53
1012 18
1011 65
1010 74
1009 16
1008 33
1007 22
1006 39
1005 72
1004 8
1003 68
1002 96
1001 22
1000 84
999 87
998 4
997 97
996 86
995 87
994 15
993 0
992 94
991 3
990 22
989 51
988 39
987 45
986 36
985 21
984 46
983 56
982 85
981 19
980 14
979 11
978 22
977 15
976 16
975 80
974 89
973 52
972 97
971 0
970 24
969 55
968 39
967 55
966 84
965 45
964 44
963 31
962 85
961 91
960 90
959 22
958 13
957 83
956 34
955 15
954 66
953 76
952 23
951 47
950 54
949 83
948 63
947 71
946 39
945 0
944 19
943 26
942 76
941 47
940 55
939 100
938 65
937 23
936 43
935 61
934 71
933 67
932 27
931 38
930 19
929 68
928 0
927 41
926 37
925 62
924 38
923 87
922 66
921 47
920 55
919 24
918 67
917 60
916 66
915 44
914 57
913 52
912 95
911 28
910 77
909 53
908 89
907 86
906 65
905 8
904 7
903 49
902 56
901 66
900 77
899 28
898 94
897 53
896 42
895 74
894 94
893 65
892 33
891 0
890 54
889 98
888 84
887 99
886 69
885 89
884 93
883 73
882 6
881 24
880 31
879 75
878 57
877 17
876 38
875 94
874 36
873 4
872 71
871 4
870 50
869 88
868 0
867 63
866 94
865 49
864 9
863 3
862 84
861 28
860 14
859 85
858 93
857 78
856 62
855 45
854 56
853 2
852 74
851 75
850 94
849 43
848 11
847 12
846 91
845 28
844 30
843 15
842 6
841 60
840 67
839 84
838 18
837 0
836 91
835 41
834 2
833 2
832 91
831 17
830 54
829 21
828 46
827 16
826 23
825 100
824 2
823 63
822 19
821 5
820 88
819 83
818 36
817 69
816 60
815 22
814 85
813 17
812 99
811 27
810 31
809 33
808 89
807 11
806 42
805 82
804 88
803 92
802 45
801 15
800 51
799 11
798 92
797 63
796 13
795 61
794 52
793 11
792 52
791 83
790 91
789 76
788 12
787 40
786 37
785 8
784 80
783 31
782 56
781 72
780 92
779 91
778 48
777 37
776 26
775 92
774 32
773 50
772 3
771 21
770 53
769 65
768 90
767 86
766 46
765 97
764 71
763 73
762 58
761 62
760 27
759 83
758 89
757 12
756 74
755 74
754 80
753 83
752 58
751 3
750 13
749 57
748 70
747 29
746 5
745 97
744 44
743 92
742 11
741 3
740 33
739 20
738 96
737 41
736 88
735 6
734 41
733 58
732 62
731 74
730 15
729 61
728 94
727 78
726 33
725 66
724 87
723 14
722 71
721 22
720 90
719 89
718 0
717 88
716 66
715 19
714 1
713 60
712 35
711 23
710 46
709 96
708 79
707 83
706 52
705 64
704 69
703 25
702 97
701 16
700 3
699 58
698 74
697 62
696 94
695 18
694 57
693 86
692 91
691 100
690 97
689 46
688 6
687 58
686 33
685 79
684 99
683 23
682 43
681 61
680 42
679 4
678 84
677 56
676 75
675 68
674 90
673 50
672 53
671 5
670 24
669 82
668 4
667 42
666 25
665 41
664 50
663 65
662 88
661 17
660 57
659 96
658 35
657 93
656 17
655 28
654 100
653 33
652 12
651 2
650 40
649 37
648 23
647 96
646 65
645 18
644 51
643 95
642 27
641 55
640 58
639 99
638 93
637 23
636 14
635 42
634 21
633 1
632 63
631 38
630 3
629 11
628 45
627 94
626 72
625 56
624 91
623 40
622 67
621 55
620 13
619 73
618 83
617 89
616 18
615 66
614 45
613 22
612 32
611 87
610 52
609 34
608 51
607 27
606 65
605 84
604 78
603 95
602 40
601 4
600 5
599 76
598 7
597 25
596 30
595 62
594 7
593 57
592 53
591 92
590 71
589 57
588 22
587 0
586 91
585 1
584 29
583 0
582 67
581 87
580 77
579 10
578 65
577 14
576 92
575 54
574 6
573 71
572 15
571 6
570 85
569 94
568 51
567 69
566 55
565 24
564 93
563 38
562 14
561 82
560 89
559 24
558 77
557 33
556 24
555 18
554 21
553 11
552 29
551 64
550 27
549 96
548 51
547 68
546 77
545 18
544 50
543 61
542 30
541 40
540 74
539 44
538 53
537 44
536 61
535 35
534 64
533 19
532 32
531 47
530 0
529 10
528 94
527 67
526 70
525 91
524 78
523 8
522 3
521 29
520 92
519 76
518 31
517 90
516 9
515 84
514 77
513 25
512 92
511 75
510 24
509 37
508 48
507 59
506 6
505 6
504 46
503 5
502 43
501 67
500 47
499 86
498 31
497 28
496 28
495 31
494 9
493 11
492 77
491 35
490 28
489 37
488 5
487 10
486 18
485 62
484 77
483 3
482 3
481 26
480 64
479 4
478 98
477 80
476 22
475 15
474 83
473 12
472 80
471 50
470 73
469 4
468 78
467 74
466 23
465 28
464 90
463 31
462 41
461 7
460 6
459 91
458 19
457 87
456 58
455 70
454 34
453 37
452 35
451 6
450 56
449 82
448 15
447 64
446 54
445 41
444 100
443 51
442 100
441 100
440 54
439 78
438 99
437 15
436 42
435 4
434 72
433 7
432 58
431 17
430 81
429 72
428 97
427 48
426 1
425 68
424 58
423 84
422 3
421 14
420 82
419 74
418 20
417 99
416 59
415 26
414 83
413 41
412 5
411 43
410 47
409 6
408 60
407 52
406 82
405 29
404 100
403 18
402 65
401 40
400 15
399 11
398 91
397 62
396 89
395 19
394 64
393 70
392 95
391 54
390 56
389 54
388 93
387 48
386 96
385 56
384 57
383 82
382 8
381 70
380 81
379 42
378 57
377 17
376 35
375 6
374 61
373 55
372 55
371 23
370 14
369 90
368 52
367 49
366 83
365 36
364 68
363 8
362 23
361 22
360 12
359 21
358 22
357 83
356 86
355 23
354 95
353 7
352 91
351 80
350 60
349 86
348 59
347 13
346 1
345 73
344 4
343 42
342 76
341 42
340 1
339 94
338 36
337 61
336 36
335 51
334 23
333 96
332 23
331 89
330 98
329 29
328 11
327 71
326 72
325 89
324 95
323 43
322 89
321 95
320 80
319 43
318 26
317 78
316 53
315 33
314 76
313 41
312 96
311 93
310 89
309 52
308 22
307 90
306 38
305 20
304 72
303 45
302 37
301 47
300 58
299 34
298 37
297 77
296 37
295 44
294 94
293 35
292 72
291 38
290 56
289 56
288 58
287 79
286 40
285 72
284 69
283 9
282 97
281 9
280 6
279 79
278 83
277 78
276 30
275 57
274 40
273 59
272 95
271 50
270 100
269 32
268 61
267 31
266 85
265 33
264 22
263 70
262 61
261 86
260 2
259 41
258 5
257 61
256 30
255 40
254 75
253 32
252 24
251 47
250 24
249 38
248 79
247 53
246 18
245 17
244 49
243 32
242 84
241 92
240 13
239 0
238 63
237 47
236 41
235 26
234 91
233 31
232 59
231 9
230 58
229 57
228 54
227 68
226 9
225 80
224 88
223 70
222 71
221 79
220 94
219 40
218 67
217 83
216 33
215 71
214 65
213 94
212 51
211 14
210 93
209 0
208 28
207 78
206 51
205 63
204 81
203 91
202 67
201 38
200 86
199 65
198 92
197 91
196 26
195 48
194 37
193 47
192 94
191 22
190 14
189 26
188 62
187 43
186 79
185 25
184 37
183 25
182 58
181 93
180 99
179 69
178 43
177 40
176 22
175 42
174 44
173 72
172 81
171 59
170 93
169 71
168 4
167 48
166 80
165 29
164 9
163 17
162 73
161 27
160 76
159 92
158 0
157 5
156 36
155 100
154 35
153 51
152 1
151 92
150 1
149 78
148 36
147 17
146 14
145 29
144 39
143 5
142 27
141 26
140 37
139 83
138 20
137 35
136 47
135 25
134 78
133 34
132 14
131 95
130 26
129 6
128 54
127 67
126 26
125 46
124 66
123 88
122 3
121 33
120 8
119 24
118 97
117 98
116 57
115 50
114 38
113 67
112 93
111 74
110 42
109 10
108 32
107 56
106 3
105 14
104 71
103 92
102 14
101 3
100 64
99 23
98 2
97 45
96 24
95 20
94 29
93 40
92 53
91 48
90 23
89 30
88 73
87 80
86 4
85 67
84 22
83 7
82 68
81 1
80 28
79 62
78 25
77 8
76 95
75 19
74 100
73 40
72 69
71 48
70 76
69 46
68 5
67 26
66 23
65 76
64 98
63 82
62 23
61 29
60 39
59 44
58 82
57 92
56 35
55 27
54 14
53 33
52 14
51 56
50 63
49 57
48 93
47 79
46 21
45 90
44 9
43 52
42 81
41 55
40 14
39 72
38 57
37 85
36 6
35 27
34 14
33 77
32 23
31 88
30 85
29 41
28 82
27 20
26 37
25 100
24 81
23 0
22 46
21 66
20 50
19 0
18 60
17 80
16 14
15 17
14 50
13 42
12 56
11 88
10 90
9 18
8 16
7 65
6 98
5 68
4 4
3 20
2 4
1 96
0 95
