500 56
499 14
498 94
497 18
496 27
495 89
494 40
493 89
492 28
491 13
490 29
489 3
488 17
487 63
486 5
485 4
484 18
483 63
482 5
481 39
480 37
479 4
478 0
477 15
476 65
475 96
474 61
473 81
472 77
471 12
470 50
469 67
468 22
467 97
466 34
465 27
464 45
463 20
462 25
461 43
460 70
459 87
458 75
457 53
456 59
455 34
454 37
453 35
452 98
451 18
450 100
449 27
448 19
447 16
446 73
445 93
444 36
443 90
442 44
441 10
440 38
439 66
438 41
437 1
436 81
435 36
434 99
433 84
432 15
431 18
430 46
429 86
428 39
427 59
426 3
425 9
424 76
423 42
422 75
421 13
420 33
419 47
418 4
417 58
416 43
415 77
414 24
413 54
412 77
411 38
410 88
409 92
408 58
407 42
406 89
405 61
404 18
403 69
402 56
401 10
400 74
399 32
398 25
397 74
396 47
395 55
394 79
393 86
392 56
391 43
390 55
389 28
388 14
387 9
386 73
385 42
384 95
383 87
382 37
381 82
380 99
379 2
378 34
377 8
376 74
375 5
374 26
373 26
372 69
371 14
370 35
369 10
368 24
367 50
366 33
365 20
364 48
363 28
362 30
361 56
360 45
359 7
358 80
357 43
356 91
355 50
354 38
353 28
352 41
351 50
350 18
349 42
348 1
347 3
346 91
345 74
344 45
343 6
342 80
341 94
340 96
339 51
338 98
337 69
336 44
335 87
334 52
333 15
332 87
331 73
330 15
329 0
328 52
327 84
326 97
325 92
324 28
323 53
322 36
321 70
320 65
319 93
318 96
317 61
316 81
315 90
314 85
313 81
312 76
311 54
310 65
309 85
308 79
307 31
306 41
305 16
304 45
303 12
302 29
301 1
300 14
299 14
298 13
297 39
296 84
295 15
294 82
293 10
292 16
291 69
290 78
289 47
288 39
287 37
286 91
285 40
284 5
283 12
282 49
281 3
280 33
279 18
278 36
277 11
276 36
275 93
274 1
273 37
272 88
271 89
270 0
269 41
268 75
267 14
266 57
265 47
264 14
263 52
262 18
261 12
260 44
259 30
258 88
257 89
256 50
255 19
254 55
253 62
252 14
251 97
250 92
249 28
248 87
247 33
246 92
245 75
244 52
243 92
242 56
241 70
240 83
239 47
238 7
237 9
236 49
235 100
234 37
233 80
232 56
231 74
230 54
229 26
228 69
227 95
226 56
225 17
224 0
223 70
222 95
221 7
220 4
219 72
218 50
217 67
216 42
215 24
214 20
213 20
212 84
211 14
210 62
209 56
208 44
207 80
206 78
205 80
204 47
203 95
202 33
201 22
200 51
199 16
198 73
197 13
196 89
195 21
194 1
193 92
192 82
191 2
190 50
189 31
188 19
187 61
186 38
185 69
184 95
183 34
182 52
181 98
180 96
179 12
178 56
177 40
176 61
175 7
174 46
173 100
172 89
171 16
170 13
169 43
168 12
167 72
166 7
165 51
164 2
163 44
162 0
161 40
160 65
159 96
158 63
157 8
156 86
155 53
154 42
153 48
152 74
151 57
150 71
149 42
148 37
147 100
146 62
145 99
144 59
143 89
142 59
141 96
140 27
139 7
138 79
137 4
136 79
135 27
134 30
133 23
132 9
131 60
130 31
129 22
128 72
127 14
126 38
125 50
124 55
123 44
122 6
121 41
120 52
119 83
118 99
117 97
116 27
115 20
114 19
113 71
112 80
111 32
110 56
109 32
108 0
107 60
106 98
105 49
104 52
103 43
102 19
101 80
100 61
99 29
98 93
97 21
96 50
95 99
94 22
93 13
92 57
91 96
90 40
89 81
88 96
87 60
86 55
85 43
84 44
83 85
82 59
81 27
80 77
79 73
78 43
77 1
76 22
75 85
74 4
73 40
72 20
71 30
70 1
69 72
68 93
67 96
66 27
65 62
64 29
63 21
62 14
61 86
60 98
59 16
58 79
57 0
56 24
55 37
54 4
53 59
52 13
51 52
50 71
49 76
48 71
47 28
46 61
45 96
44 72
43 99
42 57
41 43
40 20
39 82
38 77
37 14
36 63
35 69
34 89
33 52
32 24
31 12
30 83
29 29
28 58
27 8
26 95
25 89
24 47
23 20
22 86
21 75
20 10
19 65
18 73
17 0
16 87
15 60
14 96
13 52
12 15
11 23
10 64
9 60
8 63
7 57
6 78
5 74
4 47
3 37
2 85
1 56
0 13
