2500 2
2499 45
2498 45
2497 31
2496 84
2495 63
2494 20
2493 55
2492 95
2491 54
2490 17
2489 52
2488 73
2487 96
2486 58
2485 32
2484 7
2483 54
2482 67
2481 56
2480 19
2479 43
2478 85
2477 26
2476 94
2475 13
2474 8
2473 17
2472 29
2471 81
2470 76
2469 21
2468 57
2467 81
2466 70
2465 35
2464 87
2463 22
2462 17
2461 10
2460 89
2459 68
2458 46
2457 76
2456 71
2455 88
2454 71
2453 0
2452 37
2451 64
2450 0
2449 31
2448 42
2447 97
2446 21
2445 98
2444 0
2443 60
2442 57
2441 10
2440 35
2439 89
2438 71
2437 23
2436 15
2435 29
2434 25
2433 53
2432 92
2431 82
2430 19
2429 72
2428 45
2427 13
2426 83
2425 61
2424 41
2423 63
2422 20
2421 51
2420 18
2419 71
2418 65
2417 79
2416 5
2415 69
2414 26
2413 43
2412 4
2411 90
2410 14
2409 34
2408 3
2407 6
2406 21
2405 84
2404 16
2403 77
2402 72
2401 99
2400 61
2399 25
2398 52
2397 58
2396 81
2395 8
2394 14
2393 42
2392 76
2391 21
2390 30
2389 41
2388 35
2387 32
2386 15
2385 63
2384 69
2383 13
2382 60
2381 68
2380 38
2379 5
2378 6
2377 41
2376 70
2375 89
2374 77
2373 35
2372 80
2371 99
2370 16
2369 5
2368 12
2367 39
2366 37
2365 52
2364 35
2363 69
2362 79
2361 20
2360 6
2359 99
2358 60
2357 0
2356 13
2355 87
2354 2
2353 49
2352 91
2351 74
2350 43
2349 14
2348 57
2347 54
2346 69
2345 85
2344 63
2343 67
2342 77
2341 96
2340 68
2339 93
2338 89
2337 75
2336 49
2335 76
2334 6
2333 73
2332 55
2331 36
2330 66
2329 73
2328 46
2327 50
2326 51
2325 14
2324 43
2323 85
2322 4
2321 93
2320 50
2319 11
2318 8
2317 14
2316 8
2315 65
2314 28
2313 9
2312 56
2311 86
2310 74
2309 99
2308 84
2307 59
2306 42
2305 26
2304 1
2303 52
2302 93
2301 13
2300 89
2299 84
2298 79
2297 37
2296 38
2295 75
2294 62
2293 81
2292 98
2291 10
2290 38
2289 7
2288 83
2287 23
2286 67
2285 33
2284 51
2283 92
2282 80
2281 55
2280 82
2279 64
2278 39
2277 4
2276 19
2275 98
2274 21
2273 19
2272 79
2271 67
2270 69
2269 67
2268 51
2267 40
2266 95
2265 52
2264 7
2263 2
2262 98
2261 81
2260 65
2259 22
2258 42
2257 84
2256 70
2255 58
2254 6
2253 17
2252 25
2251 95
2250 48
2249 74
2248 15
2247 84
2246 16
2245 63
2244 18
2243 45
2242 37
2241 92
2240 68
2239 33
2238 65
2237 53
2236 31
2235 75
2234 7
2233 49
2232 60
2231 55
2230 26
2229 55
2228 39
2227 51
2226 68
2225 53
2224 43
2223 27
2222 34
2221 18
2220 3
2219 21
2218 33
2217 47
2216 80
2215 68
2214 65
2213 87
2212 45
2211 47
2210 29
2209 87
2208 2
2207 37
2206 0
2205 4
2204 12
2203 11
2202 51
2201 31
2200 43
2199 58
2198 36
2197 82
2196 28
2195 24
2194 82
2193 32
2192 83
2191 82
2190 85
2189 16
2188 95
2187 56
2186 73
2185 25
2184 31
2183 83
2182 49
2181 82
2180 7
2179 14
2178 68
2177 33
2176 82
2175 89
2174 65
2173 16
2172 95
2171 73
2170 96
2169 96
2168 56
2167 46
2166 33
2165 9
2164 22
2163 45
2162 96
2161 15
2160 22
2159 80
2158 74
2157 45
2156 93
2155 39
2154 0
2153 1
2152 90
2151 73
2150 82
2149 19
2148 80
2147 27
2146 50
2145 24
2144 64
2143 47
2142 40
2141 23
2140 61
2139 45
2138 60
2137 84
2136 26
2135 72
2134 8
2133 44
2132 39
2131 92
2130 22
2129 80
2128 50
2127 90
2126 85
2125 61
2124 84
2123 93
2122 47
2121 63
2120 50
2119 80
2118 86
2117 0
2116 90
2115 96
2114 36
2113 36
2112 37
2111 15
2110 40
2109 73
2108 88
2107 80
2106 64
2105 12
2104 65
2103 75
2102 32
2101 33
2100 69
2099 47
2098 53
2097 73
2096 21
2095 19
2094 94
2093 71
2092 91
2091 6
2090 37
2089 22
2088 50
2087 88
2086 31
2085 57
2084 29
2083 85
2082 37
2081 52
2080 63
2079 80
2078 29
2077 90
2076 25
2075 44
2074 66
2073 51
2072 17
2071 67
2070 38
2069 71
2068 63
2067 48
2066 25
2065 47
2064 62
2063 76
2062 72
2061 46
2060 14
2059 72
2058 92
2057 90
2056 2
2055 33
2054 7
2053 80
2052 31
2051 73
2050 53
2049 98
2048 41
2047 42
2046 93
2045 76
2044 90
2043 82
2042 0
2041 24
2040 36
2039 92
2038 63
2037 24
2036 14
2035 85
2034 50
2033 40
2032 48
2031 21
2030 17
2029 21
2028 82
2027 5
2026 70
2025 20
2024 63
2023 3
2022 26
2021 58
2020 78
2019 12
2018 22
2017 69
2016 69
2015 71
2014 74
2013 32
2012 63
2011 49
2010 7
2009 100
2008 77
2007 51
2006 20
2005 28
2004 62
2003 5
2002 25
2001 36
2000 87
1999 92
1998 1
1997 80
1996 16
1995 86
1994 11
1993 40
1992 21
1991 54
1990 27
1989 100
1988 96
1987 80
1986 60
1985 14
1984 62
1983 77
1982 40
1981 15
1980 33
1979 58
1978 25
1977 86
1976 44
1975 98
1974 58
1973 57
1972 4
1971 96
1970 14
1969 41
1968 27
1967 10
1966 82
1965 100
1964 53
1963 17
1962 81
1961 13
1960 0
1959 66
1958 16
1957 39
1956 22
1955 34
1954 71
1953 12
1952 1
1951 100
1950 50
1949 14
1948 76
1947 79
1946 42
1945 56
1944 41
1943 91
1942 19
1941 27
1940 21
1939 54
1938 36
1937 42
1936 14
1935 3
1934 17
1933 37
1932 7
1931 73
1930 15
1929 56
1928 77
1927 79
1926 72
1925 93
1924 33
1923 31
1922 15
1921 26
1920 38
1919 2
1918 80
1917 99
1916 81
1915 0
1914 14
1913 90
1912 58
1911 95
1910 48
1909 32
1908 90
1907 28
1906 59
1905 75
1904 39
1903 67
1902 98
1901 87
1900 62
1899 93
1898 45
1897 89
1896 76
1895 65
1894 92
1893 23
1892 26
1891 10
1890 27
1889 57
1888 97
1887 95
1886 48
1885 52
1884 13
1883 17
1882 3
1881 55
1880 28
1879 70
1878 0
1877 18
1876 77
1875 0
1874 76
1873 75
1872 24
1871 78
1870 33
1869 71
1868 97
1867 0
1866 78
1865 0
1864 83
1863 80
1862 25
1861 70
1860 6
1859 74
1858 71
1857 15
1856 35
1855 3
1854 33
1853 47
1852 60
1851 14
1850 19
1849 63
1848 4
1847 68
1846 10
1845 0
1844 39
1843 35
1842 74
1841 76
1840 48
1839 54
1838 94
1837 35
1836 40
1835 44
1834 95
1833 91
1832 5
1831 53
1830 29
1829 42
1828 34
1827 35
1826 57
1825 85
1824 67
1823 41
1822 64
1821 0
1820 72
1819 42
1818 46
1817 13
1816 23
1815 22
1814 14
1813 24
1812 53
1811 45
1810 56
1809 54
1808 70
1807 90
1806 79
1805 19
1804 8
1803 41
1802 38
1801 17
1800 13
1799 59
1798 31
1797 74
1796 97
1795 29
1794 3
1793 69
1792 9
1791 13
1790 96
1789 68
1788 92
1787 58
1786 73
1785 54
1784 93
1783 16
1782 64
1781 60
1780 87
1779 54
1778 1
1777 24
1776 88
1775 10
1774 27
1773 55
1772 14
1771 32
1770 78
1769 27
1768 94
1767 86
1766 87
1765 63
1764 47
1763 25
1762 43
1761 66
1760 22
1759 72
1758 58
1757 26
1756 15
1755 18
1754 81
1753 31
1752 36
1751 38
1750 77
1749 88
1748 8
1747 42
1746 24
1745 43
1744 68
1743 97
1742 3
1741 39
1740 43
1739 99
1738 12
1737 57
1736 90
1735 67
1734 50
1733 16
1732 72
1731 98
1730 13
1729 62
1728 16
1727 23
1726 94
1725 29
1724 36
1723 13
1722 91
1721 80
1720 59
1719 49
1718 66
1717 62
1716 64
1715 51
1714 52
1713 63
1712 43
1711 99
1710 47
1709 84
1708 25
1707 14
1706 70
1705 46
1704 46
1703 58
1702 60
1701 50
1700 52
1699 37
1698 2
1697 51
1696 10
1695 94
1694 32
1693 42
1692 55
1691 14
1690 8
1689 50
1688 38
1687 9
1686 6
1685 53
1684 26
1683 85
1682 69
1681 34
1680 74
1679 57
1678 69
1677 55
1676 83
1675 5
1674 47
1673 93
1672 16
1671 20
1670 15
1669 44
1668 86
1667 83
1666 100
1665 36
1664 89
1663 15
1662 89
1661 83
1660 74
1659 90
1658 96
1657 30
1656 35
1655 40
1654 17
1653 61
1652 53
1651 53
1650 99
1649 54
1648 53
1647 5
1646 15
1645 29
1644 66
1643 75
1642 49
1641 21
1640 2
1639 24
1638 62
1637 69
1636 79
1635 67
1634 72
1633 63
1632 19
1631 96
1630 68
1629 25
1628 91
1627 80
1626 37
1625 8
1624 65
1623 92
1622 85
1621 67
1620 37
1619 89
1618 77
1617 96
1616 40
1615 53
1614 2
1613 44
1612 64
1611 34
1610 42
1609 58
1608 52
1607 39
1606 39
1605 36
1604 57
1603 43
1602 46
1601 65
1600 28
1599 18
1598 49
1597 24
1596 40
1595 37
1594 33
1593 33
1592 17
1591 69
1590 22
1589 100
1588 43
1587 38
1586 35
1585 12
1584 71
1583 11
1582 94
1581 22
1580 48
1579 26
1578 26
1577 81
1576 33
1575 23
1574 64
1573 96
1572 82
1571 91
1570 46
1569 9
1568 6
1567 51
1566 57
1565 7
1564 39
1563 14
1562 27
1561 77
1560 10
1559 97
1558 46
1557 70
1556 33
1555 91
1554 59
1553 38
1552 87
1551 67
1550 75
1549 5
1548 5
1547 38
1546 24
1545 15
1544 26
1543 37
1542 50
1541 17
1540 53
1539 6
1538 14
1537 85
1536 68
1535 23
1534 4
1533 28
1532 80
1531 100
1530 49
1529 3
1528 18
1527 55
1526 62
1525 82
1524 6
1523 53
1522 24
1521 14
1520 55
1519 73
1518 12
1517 40
1516 59
1515 90
1514 0
1513 77
1512 60
1511 12
1510 24
1509 47
1508 15
1507 44
1506 72
1505 91
1504 81
1503 48
1502 89
1501 78
1500 22
1499 90
1498 33
1497 31
1496 76
1495 38
1494 53
1493 50
1492 70
1491 85
1490 25
1489 50
1488 71
1487 79
1486 69
1485 93
1484 61
1483 52
1482 21
1481 10
1480 63
1479 83
1478 16
1477 98
1476 88
1475 67
1474 74
1473 8
1472 47
1471 64
1470 99
1469 31
1468 37
1467 49
1466 20
1465 31
1464 13
1463 92
1462 48
1461 33
1460 23
1459 23
1458 72
1457 44
1456 10
1455 44
1454 37
1453 10
1452 13
1451 76
1450 76
1449 25
1448 30
1447 39
1446 79
1445 31
1444 60
1443 45
1442 38
1441 63
1440 16
1439 77
1438 31
1437 14
1436 17
1435 36
1434 28
1433 5
1432 11
1431 41
1430 34
1429 23
1428 65
1427 1
1426 54
1425 43
1424 5
1423 65
1422 39
1421 36
1420 99
1419 47
1418 46
1417 87
1416 77
1415 43
1414 70
1413 78
1412 82
1411 81
1410 21
1409 39
1408 88
1407 40
1406 65
1405 43
1404 65
1403 85
1402 47
1401 80
1400 80
1399 60
1398 44
1397 31
1396 52
1395 83
1394 93
1393 24
1392 64
1391 45
1390 61
1389 49
1388 27
1387 89
1386 66
1385 68
1384 24
1383 66
1382 52
1381 60
1380 83
1379 28
1378 88
1377 58
1376 47
1375 6
1374 67
1373 78
1372 59
1371 53
1370 62
1369 16
1368 87
1367 69
1366 82
1365 97
1364 84
1363 93
1362 20
1361 6
1360 19
1359 46
1358 67
1357 87
1356 71
1355 82
1354 63
1353 29
1352 18
1351 88
1350 7
1349 36
1348 19
1347 52
1346 83
1345 2
1344 23
1343 49
1342 26
1341 19
1340 56
1339 54
1338 72
1337 51
1336 91
1335 6
1334 65
1333 82
1332 36
1331 0
1330 37
1329 73
1328 55
1327 57
1326 49
1325 20
1324 44
1323 83
1322 91
1321 56
1320 80
1319 19
1318 67
1317 91
1316 87
1315 78
1314 60
1313 36
1312 38
1311 23
1310 23
1309 25
1308 5
1307 4
1306 36
1305 68
1304 79
1303 87
1302 69
1301 33
1300 53
1299 66
1298 15
1297 3
1296 19
1295 30
1294 39
1293 21
1292 74
1291 41
1290 80
1289 26
1288 85
1287 86
1286 67
1285 48
1284 88
1283 75
1282 89
1281 42
1280 90
1279 32
1278 87
1277 56
1276 71
1275 67
1274 84
1273 41
1272 76
1271 80
1270 87
1269 24
1268 53
1267 98
1266 34
1265 91
1264 25
1263 13
1262 13
1261 16
1260 37
1259 22
1258 36
1257 30
1256 44
1255 100
1254 8
1253 54
1252 44
1251 81
1250 49
1249 88
1248 26
1247 92
1246 27
1245 52
1244 26
1243 54
1242 78
1241 50
1240 61
1239 36
1238 62
1237 67
1236 65
1235 83
1234 61
1233 36
1232 70
1231 82
1230 11
1229 47
1228 38
1227 0
1226 36
1225 27
1224 11
1223 94
1222 50
1221 60
1220 50
1219 3
1218 31
1217 71
1216 73
1215 14
1214 84
1213 5
1212 24
1211 30
1210 54
1209 53
1208 28
1207 27
1206 27
1205 0
1204 42
1203 89
1202 70
1201 96
1200 99
1199 17
1198 46
1197 75
1196 13
1195 19
1194 100
1193 19
1192 90
1191 48
1190 75
1189 70
1188 38
1187 47
1186 31
1185 99
1184 3
1183 76
1182 52
1181 56
1180 48
1179 38
1178 35
1177 4
1176 9
1175 46
1174 94
1173 17
1172 39
1171 8
1170 74
1169 67
1168 69
1167 13
1166 75
1165 47
1164 3
1163 54
1162 82
1161 93
1160 6
1159 69
1158 8
1157 90
1156 33
1155 12
1154 47
1153 11
1152 14
1151 8
1150 95
1149 59
1148 93
1147 51
1146 61
1145 35
1144 81
1143 43
1142 74
1141 41
1140 35
1139 78
1138 52
1137 97
1136 83
1135 6
1134 10
1133 4
1132 63
1131 9
1130 28
1129 75
1128 80
1127 70
1126 62
1125 2
1124 75
1123 46
1122 39
1121 73
1120 51
1119 13
1118 23
1117 31
1116 97
1115 53
1114 63
1113 68
1112 69
1111 63
1110 88
1109 58
1108 15
1107 97
1106 100
1105 30
1104 16
1103 6
1102 6
1101 30
1100 26
1099 92
1098 72
1097 99
1096 87
1095 4
1094 85
1093 19
1092 56
1091 11
1090 60
1089 36
1088 7
1087 99
1086 40
1085 81
1084 81
1083 86
1082 76
1081 40
1080 67
1079 14
1078 42
1077 15
1076 36
1075 92
1074 34
1073 45
1072 31
1071 57
1070 16
1069 19
1068 53
1067 7
1066 88
1065 49
1064 63
1063 56
1062 3
1061 56
1060 74
1059 67
1058 7
1057 47
1056 99
1055 94
1054 12
1053 78
1052 58
1051 46
1050 72
1049 18
1048 83
1047 41
1046 83
1045 5
1044 22
1043 88
1042 62
1041 66
1040 69
1039 18
1038 47
1037 7
1036 33
1035 9
1034 67
1033 71
1032 98
1031 28
1030 50
1029 44
1028 97
1027 29
1026 85
1025 22
1024 88
1023 99
1022 40
1021 72
1020 53
1019 56
1018 64
1017 55
1016 7
1015 59
1014 62
1013 3
1012 33
1011 87
1010 29
1009 55
1008 0
1007 32
1006 67
1005 84
1004 90
1003 31
1002 13
1001 11
1000 96
999 87
998 32
997 8
996 35
995 83
994 93
993 29
992 76
991 79
990 59
989 85
988 67
987 14
986 94
985 42
984 5
983 58
982 8
981 76
980 29
979 43
978 7
977 55
976 92
975 18
974 36
973 18
972 19
971 74
970 17
969 75
968 33
967 25
966 97
965 79
964 2
963 76
962 16
961 75
960 48
959 18
958 65
957 54
956 12
955 21
954 24
953 38
952 96
951 13
950 48
949 28
948 92
947 63
946 88
945 76
944 25
943 71
942 89
941 24
940 30
939 44
938 63
937 17
936 84
935 68
934 69
933 65
932 75
931 58
930 42
929 63
928 89
927 60
926 16
925 87
924 57
923 53
922 51
921 59
920 85
919 18
918 56
917 97
916 28
915 61
914 11
913 32
912 33
911 82
910 75
909 87
908 16
907 12
906 5
905 60
904 3
903 13
902 20
901 64
900 80
899 39
898 83
897 65
896 77
895 67
894 46
893 50
892 13
891 74
890 82
889 32
888 29
887 61
886 67
885 79
884 58
883 31
882 22
881 59
880 24
879 56
878 53
877 99
876 92
875 92
874 19
873 67
872 52
871 23
870 6
869 4
868 12
867 24
866 60
865 50
864 57
863 37
862 60
861 60
860 96
859 99
858 72
857 37
856 53
855 91
854 75
853 4
852 66
851 25
850 70
849 39
848 57
847 36
846 9
845 0
844 34
843 97
842 48
841 41
840 5
839 50
838 68
837 84
836 82
835 36
834 55
833 69
832 90
831 43
830 8
829 20
828 28
827 28
826 96
825 88
824 46
823 33
822 63
821 89
820 64
819 34
818 43
817 17
816 63
815 76
814 26
813 86
812 52
811 31
810 56
809 93
808 8
807 77
806 9
805 47
804 53
803 45
802 57
801 98
800 7
799 88
798 11
797 71
796 85
795 64
794 37
793 75
792 31
791 24
790 59
789 42
788 83
787 42
786 88
785 21
784 32
783 13
782 77
781 52
780 23
779 82
778 22
777 56
776 79
775 63
774 67
773 88
772 84
771 57
770 80
769 26
768 52
767 52
766 61
765 20
764 10
763 100
762 47
761 54
760 75
759 88
758 8
757 78
756 44
755 30
754 27
753 71
752 37
751 49
750 8
749 7
748 4
747 13
746 27
745 71
744 26
743 64
742 86
741 22
740 27
739 4
738 73
737 89
736 88
735 28
734 99
733 82
732 47
731 94
730 90
729 26
728 35
727 4
726 57
725 41
724 22
723 35
722 90
721 94
720 87
719 76
718 75
717 67
716 93
715 70
714 20
713 94
712 52
711 33
710 92
709 30
708 21
707 0
706 5
705 26
704 24
703 11
702 17
701 95
700 5
699 79
698 94
697 94
696 49
695 28
694 6
693 88
692 98
691 4
690 5
689 94
688 57
687 7
686 0
685 99
684 75
683 1
682 82
681 24
680 25
679 26
678 37
677 20
676 56
675 22
674 3
673 20
672 49
671 70
670 31
669 85
668 39
667 55
666 54
665 2
664 93
663 86
662 46
661 70
660 23
659 0
658 55
657 95
656 13
655 80
654 21
653 60
652 88
651 73
650 94
649 74
648 85
647 82
646 76
645 72
644 50
643 65
642 69
641 47
640 73
639 84
638 35
637 14
636 33
635 24
634 35
633 15
632 48
631 61
630 96
629 30
628 84
627 67
626 15
625 6
624 48
623 64
622 92
621 49
620 30
619 99
618 71
617 47
616 6
615 12
614 75
613 70
612 41
611 23
610 79
609 83
608 79
607 25
606 6
605 93
604 95
603 74
602 31
601 48
600 8
599 62
598 91
597 33
596 76
595 83
594 49
593 30
592 69
591 95
590 6
589 83
588 28
587 89
586 49
585 89
584 0
583 2
582 25
581 3
580 62
579 72
578 1
577 99
576 29
575 37
574 18
573 52
572 89
571 57
570 27
569 44
568 91
567 72
566 7
565 7
564 37
563 8
562 69
561 43
560 79
559 78
558 78
557 91
556 9
555 50
554 44
553 26
552 45
551 52
550 90
549 44
548 79
547 8
546 66
545 82
544 94
543 53
542 74
541 51
540 49
539 73
538 10
537 20
536 87
535 87
534 65
533 31
532 1
531 85
530 74
529 77
528 32
527 77
526 73
525 61
524 71
523 78
522 15
521 68
520 42
519 25
518 17
517 99
516 32
515 70
514 0
513 40
512 15
511 91
510 76
509 74
508 64
507 100
506 58
505 72
504 56
503 62
502 10
501 17
500 74
499 90
498 27
497 58
496 85
495 46
494 98
493 49
492 49
491 24
490 4
489 90
488 80
487 73
486 88
485 57
484 100
483 4
482 4
481 37
480 92
479 45
478 54
477 86
476 99
475 96
474 3
473 90
472 53
471 88
470 97
469 14
468 23
467 23
466 45
465 47
464 21
463 74
462 82
461 60
460 26
459 96
458 28
457 32
456 87
455 5
454 30
453 16
452 21
451 10
450 51
449 71
448 91
447 58
446 35
445 27
444 2
443 20
442 47
441 3
440 68
439 5
438 57
437 82
436 64
435 8
434 81
433 40
432 77
431 12
430 69
429 58
428 31
427 94
426 28
425 68
424 54
423 96
422 40
421 84
420 100
419 48
418 22
417 21
416 28
415 86
414 88
413 62
412 81
411 92
410 76
409 32
408 96
407 10
406 37
405 95
404 61
403 88
402 100
401 72
400 69
399 46
398 10
397 35
396 8
395 49
394 37
393 15
392 55
391 36
390 27
389 40
388 3
387 1
386 46
385 74
384 94
383 79
382 24
381 54
380 45
379 61
378 35
377 97
376 95
375 7
374 49
373 41
372 17
371 72
370 43
369 44
368 16
367 45
366 5
365 89
364 24
363 37
362 66
361 28
360 90
359 27
358 3
357 6
356 99
355 92
354 22
353 78
352 54
351 60
350 38
349 10
348 44
347 59
346 35
345 43
344 65
343 81
342 59
341 10
340 54
339 17
338 86
337 51
336 52
335 92
334 35
333 21
332 33
331 78
330 9
329 30
328 74
327 52
326 99
325 3
324 14
323 30
322 63
321 47
320 0
319 44
318 67
317 21
316 59
315 60
314 73
313 57
312 17
311 79
310 59
309 34
308 39
307 53
306 44
305 12
304 6
303 29
302 41
301 75
300 51
299 99
298 74
297 58
296 10
295 80
294 19
293 19
292 88
291 0
290 82
289 66
288 4
287 26
286 55
285 82
284 48
283 79
282 72
281 87
280 33
279 93
278 40
277 91
276 8
275 5
274 85
273 19
272 89
271 16
270 43
269 62
268 18
267 98
266 90
265 74
264 70
263 27
262 30
261 68
260 66
259 38
258 96
257 33
256 53
255 11
254 76
253 25
252 99
251 28
250 22
249 95
248 11
247 70
246 48
245 0
244 35
243 73
242 45
241 97
240 13
239 94
238 27
237 70
236 42
235 46
234 7
233 40
232 98
231 45
230 14
229 55
228 35
227 43
226 51
225 40
224 22
223 11
222 94
221 43
220 50
219 4
218 39
217 88
216 78
215 94
214 10
213 73
212 29
211 62
210 56
209 10
208 50
207 71
206 36
205 10
204 97
203 94
202 20
201 79
200 82
199 62
198 62
197 2
196 82
195 92
194 50
193 35
192 37
191 12
190 5
189 68
188 27
187 28
186 63
185 69
184 35
183 33
182 41
181 17
180 45
179 43
178 13
177 26
176 15
175 20
174 4
173 87
172 92
171 42
170 67
169 62
168 31
167 58
166 58
165 78
164 17
163 38
162 78
161 41
160 30
159 93
158 32
157 87
156 52
155 52
154 40
153 33
152 58
151 56
150 56
149 77
148 23
147 68
146 41
145 78
144 1
143 81
142 90
141 87
140 3
139 18
138 19
137 99
136 0
135 60
134 10
133 16
132 90
131 3
130 60
129 29
128 91
127 20
126 58
125 11
124 90
123 63
122 46
121 27
120 93
119 10
118 93
117 52
116 71
115 33
114 18
113 82
112 1
111 19
110 22
109 95
108 88
107 54
106 0
105 4
104 98
103 29
102 73
101 56
100 75
99 62
98 18
97 21
96 5
95 51
94 41
93 84
92 75
91 70
90 87
89 82
88 52
87 8
86 79
85 81
84 48
83 85
82 21
81 6
80 74
79 25
78 42
77 21
76 38
75 0
74 77
73 46
72 72
71 39
70 40
69 84
68 75
67 27
66 96
65 33
64 31
63 38
62 86
61 6
60 13
59 1
58 45
57 69
56 2
55 7
54 8
53 12
52 23
51 26
50 27
49 79
48 39
47 93
46 57
45 54
44 59
43 76
42 42
41 97
40 48
39 87
38 42
37 37
36 98
35 9
34 7
33 93
32 29
31 0
30 11
29 67
28 54
27 78
26 76
25 42
24 7
23 27
22 88
21 6
20 29
19 64
18 7
17 14
16 82
15 15
14 65
13 29
12 98
11 21
10 88
9 95
8 83
7 19
6 36
5 58
4 21
3 92
2 100
1 63
0 49
