200 21
199 40
198 50
197 16
196 49
195 82
194 72
193 2
192 2
191 56
190 27
189 99
188 88
187 93
186 39
185 96
184 63
183 76
182 42
181 82
180 64
179 66
178 57
177 35
176 19
175 91
174 43
173 99
172 44
171 57
170 1
169 0
168 19
167 60
166 69
165 56
164 95
163 34
162 65
161 68
160 35
159 56
158 16
157 54
156 83
155 42
154 14
153 82
152 9
151 31
150 4
149 97
148 34
147 81
146 16
145 56
144 72
143 54
142 30
141 48
140 67
139 85
138 43
137 50
136 86
135 78
134 52
133 10
132 3
131 1
130 82
129 71
128 57
127 12
126 69
125 62
124 89
123 92
122 93
121 70
120 51
119 96
118 61
117 65
116 36
115 76
114 61
113 3
112 6
111 82
110 94
109 92
108 14
107 79
106 31
105 64
104 78
103 44
102 79
101 76
100 67
99 87
98 94
97 81
96 40
95 64
94 72
93 88
92 53
91 54
90 50
89 6
88 3
87 25
86 100
85 7
84 83
83 62
82 46
81 83
80 84
79 50
78 8
77 39
76 38
75 80
74 37
73 15
72 57
71 31
70 18
69 88
68 54
67 24
66 19
65 75
64 1
63 12
62 36
61 71
60 10
59 80
58 94
57 36
56 93
55 68
54 59
53 44
52 33
51 60
50 65
49 37
48 88
47 74
46 57
45 27
44 51
43 20
42 80
41 21
40 51
39 83
38 11
37 63
36 97
35 91
34 43
33 97
32 6
31 42
30 86
29 2
28 13
27 6
26 98
25 34
24 96
23 20
22 38
21 18
20 38
19 83
18 57
17 80
16 47
15 52
14 33
13 23
12 34
11 78
10 56
9 34
8 99
7 59
6 69
5 24
4 33
3 49
2 20
1 83
0 81
