1500 40
1499 1
1498 7
1497 57
1496 96
1495 50
1494 77
1493 29
1492 62
1491 33
1490 94
1489 4
1488 100
1487 84
1486 56
1485 2
1484 41
1483 82
1482 54
1481 21
1480 84
1479 91
1478 51
1477 5
1476 22
1475 98
1474 3
1473 34
1472 2
1471 71
1470 93
1469 42
1468 9
1467 1
1466 29
1465 1
1464 30
1463 6
1462 49
1461 26
1460 34
1459 68
1458 53
1457 46
1456 9
1455 64
1454 38
1453 62
1452 79
1451 8
1450 45
1449 29
1448 53
1447 80
1446 21
1445 44
1444 21
1443 2
1442 94
1441 4
1440 85
1439 53
1438 26
1437 97
1436 69
1435 15
1434 41
1433 18
1432 95
1431 40
1430 0
1429 6
1428 18
1427 28
1426 32
1425 91
1424 17
1423 50
1422 99
1421 2
1420 82
1419 34
1418 77
1417 0
1416 22
1415 80
1414 100
1413 47
1412 46
1411 97
1410 39
1409 17
1408 96
1407 26
1406 86
1405 73
1404 76
1403 56
1402 52
1401 59
1400 91
1399 38
1398 27
1397 15
1396 46
1395 88
1394 13
1393 68
1392 17
1391 34
1390 100
1389 77
1388 52
1387 2
1386 13
1385 58
1384 70
1383 64
1382 17
1381 63
1380 96
1379 37
1378 5
1377 12
1376 83
1375 83
1374 17
1373 49
1372 75
1371 20
1370 98
1369 52
1368 66
1367 93
1366 20
1365 60
1364 49
1363 89
1362 56
1361 17
1360 15
1359 5
1358 28
1357 73
1356 57
1355 19
1354 53
1353 48
1352 89
1351 46
1350 32
1349 43
1348 76
1347 70
1346 12
1345 58
1344 8
1343 21
1342 23
1341 95
1340 17
1339 38
1338 61
1337 66
1336 19
1335 26
1334 74
1333 78
1332 72
1331 71
1330 9
1329 22
1328 27
1327 20
1326 53
1325 64
1324 80
1323 59
1322 81
1321 3
1320 41
1319 36
1318 41
1317 6
1316 71
1315 82
1314 51
1313 45
1312 44
1311 2
1310 28
1309 87
1308 72
1307 47
1306 49
1305 89
1304 100
1303 11
1302 21
1301 55
1300 3
1299 15
1298 81
1297 59
1296 57
1295 95
1294 82
1293 75
1292 63
1291 36
1290 10
1289 65
1288 17
1287 48
1286 73
1285 85
1284 90
1283 77
1282 89
1281 77
1280 10
1279 39
1278 40
1277 59
1276 28
1275 3
1274 65
1273 33
1272 99
1271 62
1270 25
1269 65
1268 54
1267 38
1266 16
1265 58
1264 4
1263 68
1262 95
1261 91
1260 50
1259 56
1258 86
1257 100
1256 40
1255 40
1254 40
1253 3
1252 13
1251 65
1250 33
1249 48
1248 35
1247 20
1246 73
1245 98
1244 9
1243 97
1242 44
1241 18
1240 6
1239 82
1238 41
1237 54
1236 90
1235 21
1234 38
1233 19
1232 24
1231 80
1230 79
1229 89
1228 83
1227 10
1226 86
1225 11
1224 53
1223 64
1222 34
1221 82
1220 96
1219 83
1218 84
1217 75
1216 88
1215 80
1214 64
1213 35
1212 47
1211 56
1210 99
1209 84
1208 18
1207 82
1206 14
1205 46
1204 2
1203 62
1202 80
1201 8
1200 12
1199 51
1198 72
1197 32
1196 0
1195 74
1194 76
1193 83
1192 20
1191 16
1190 35
1189 97
1188 91
1187 91
1186 40
1185 93
1184 96
1183 19
1182 29
1181 50
1180 40
1179 29
1178 1
1177 41
1176 12
1175 94
1174 32
1173 1
1172 81
1171 1
1170 56
1169 28
1168 38
1167 55
1166 33
1165 34
1164 99
1163 47
1162 33
1161 43
1160 65
1159 4
1158 49
1157 37
1156 100
1155 30
1154 36
1153 37
1152 12
1151 11
1150 30
1149 43
1148 65
1147 63
1146 61
1145 63
1144 77
1143 79
1142 39
1141 56
1140 78
1139 94
1138 98
1137 52
1136 13
1135 81
1134 35
1133 45
1132 49
1131 42
1130 58
1129 26
1128 31
1127 75
1126 20
1125 50
1124 83
1123 33
1122 29
1121 13
1120 27
1119 66
1118 98
1117 48
1116 75
1115 74
1114 76
1113 9
1112 73
1111 43
1110 70
1109 82
1108 48
1107 29
1106 46
1105 57
1104 1
1103 56
1102 46
1101 7
1100 12
1099 72
1098 49
1097 1
1096 89
1095 54
1094 60
1093 47
1092 21
1091 22
1090 44
1089 100
1088 86
1087 35
1086 85
1085 46
1084 22
1083 100
1082 19
1081 50
1080 80
1079 72
1078 51
1077 88
1076 78
1075 23
1074 56
1073 89
1072 59
1071 5
1070 23
1069 41
1068 86
1067 49
1066 75
1065 88
1064 74
1063 62
1062 99
1061 6
1060 13
1059 24
1058 45
1057 97
1056 38
1055 46
1054 86
1053 21
1052 62
1051 100
1050 31
1049 34
1048 79
1047 70
1046 54
1045 24
1044 89
1043 38
1042 54
1041 60
1040 31
1039 21
1038 73
1037 20
1036 74
1035 65
1034 33
1033 35
1032 88
1031 30
1030 87
1029 60
1028 48
1027 13
1026 22
1025 7
1024 18
1023 83
1022 16
1021 59
1020 77
1019 77
1018 5
1017 52
1016 54
1015 32
1014 10
1013 86
1012 36
1011 59
1010 67
1009 44
1008 34
1007 75
1006 91
1005 87
1004 89
1003 35
1002 76
1001 96
1000 10
999 90
998 5
997 46
996 84
995 68
994 83
993 5
992 15
991 87
990 52
989 34
988 93
987 43
986 20
985 76
984 57
983 9
982 81
981 43
980 74
979 37
978 77
977 43
976 90
975 47
974 30
973 21
972 47
971 91
970 29
969 99
968 37
967 7
966 71
965 53
964 73
963 83
962 83
961 29
960 20
959 39
958 77
957 60
956 12
955 3
954 33
953 60
952 29
951 40
950 92
949 53
948 87
947 32
946 17
945 72
944 29
943 89
942 45
941 51
940 29
939 14
938 70
937 43
936 62
935 50
934 52
933 92
932 86
931 76
930 92
929 94
928 20
927 5
926 73
925 21
924 33
923 95
922 14
921 27
920 90
919 79
918 20
917 59
916 55
915 42
914 90
913 93
912 66
911 73
910 75
909 48
908 63
907 45
906 34
905 61
904 45
903 64
902 67
901 16
900 22
899 0
898 46
897 66
896 7
895 84
894 99
893 91
892 89
891 99
890 12
889 67
888 73
887 58
886 50
885 34
884 52
883 67
882 88
881 35
880 42
879 75
878 95
877 94
876 73
875 26
874 48
873 30
872 2
871 23
870 39
869 20
868 82
867 65
866 22
865 99
864 72
863 88
862 37
861 82
860 76
859 45
858 61
857 64
856 2
855 11
854 70
853 87
852 37
851 37
850 79
849 91
848 87
847 15
846 37
845 3
844 95
843 33
842 27
841 96
840 15
839 86
838 62
837 43
836 19
835 86
834 73
833 81
832 99
831 66
830 65
829 72
828 71
827 32
826 83
825 37
824 51
823 1
822 16
821 33
820 89
819 32
818 24
817 60
816 99
815 24
814 95
813 59
812 72
811 35
810 58
809 73
808 11
807 16
806 85
805 84
804 6
803 11
802 43
801 82
800 96
799 20
798 95
797 100
796 59
795 22
794 33
793 73
792 99
791 31
790 56
789 78
788 30
787 64
786 24
785 54
784 19
783 37
782 77
781 21
780 32
779 6
778 56
777 92
776 84
775 96
774 84
773 27
772 95
771 23
770 56
769 57
768 11
767 30
766 71
765 29
764 93
763 28
762 43
761 72
760 47
759 37
758 45
757 84
756 92
755 58
754 35
753 69
752 29
751 16
750 53
749 18
748 77
747 67
746 69
745 89
744 9
743 17
742 46
741 37
740 61
739 63
738 42
737 38
736 93
735 77
734 3
733 22
732 66
731 49
730 70
729 85
728 96
727 33
726 30
725 21
724 36
723 27
722 44
721 78
720 63
719 67
718 63
717 59
716 8
715 84
714 87
713 4
712 2
711 77
710 39
709 8
708 24
707 9
706 37
705 16
704 38
703 70
702 19
701 56
700 73
699 17
698 72
697 0
696 75
695 97
694 91
693 12
692 88
691 76
690 49
689 46
688 49
687 7
686 24
685 80
684 14
683 25
682 36
681 34
680 34
679 83
678 70
677 9
676 98
675 11
674 59
673 15
672 5
671 7
670 27
669 27
668 59
667 70
666 38
665 89
664 45
663 40
662 59
661 6
660 23
659 33
658 97
657 18
656 3
655 80
654 88
653 49
652 16
651 8
650 75
649 81
648 56
647 20
646 77
645 84
644 97
643 79
642 14
641 90
640 29
639 9
638 94
637 19
636 55
635 91
634 1
633 26
632 46
631 59
630 42
629 31
628 29
627 16
626 94
625 27
624 82
623 71
622 94
621 41
620 48
619 8
618 12
617 29
616 26
615 11
614 100
613 13
612 32
611 87
610 33
609 44
608 97
607 79
606 31
605 50
604 0
603 22
602 98
601 44
600 16
599 3
598 99
597 3
596 61
595 85
594 74
593 50
592 51
591 73
590 96
589 5
588 58
587 20
586 60
585 88
584 64
583 58
582 68
581 4
580 36
579 3
578 10
577 83
576 52
575 39
574 1
573 46
572 49
571 37
570 24
569 99
568 65
567 85
566 10
565 48
564 67
563 99
562 37
561 45
560 19
559 32
558 61
557 28
556 76
555 82
554 31
553 16
552 15
551 45
550 5
549 37
548 41
547 11
546 91
545 4
544 69
543 2
542 31
541 4
540 67
539 46
538 7
537 51
536 3
535 74
534 74
533 8
532 8
531 97
530 17
529 39
528 16
527 93
526 39
525 95
524 79
523 24
522 56
521 62
520 43
519 31
518 87
517 0
516 50
515 37
514 26
513 36
512 86
511 76
510 38
509 74
508 16
507 77
506 22
505 82
504 46
503 76
502 54
501 6
500 23
499 45
498 51
497 33
496 69
495 33
494 73
493 85
492 75
491 7
490 66
489 38
488 63
487 30
486 75
485 99
484 30
483 83
482 74
481 42
480 32
479 32
478 73
477 61
476 87
475 41
474 73
473 75
472 24
471 54
470 100
469 47
468 2
467 43
466 1
465 13
464 29
463 28
462 0
461 24
460 63
459 86
458 30
457 19
456 33
455 79
454 47
453 65
452 68
451 96
450 64
449 71
448 36
447 21
446 7
445 55
444 59
443 52
442 82
441 72
440 99
439 65
438 45
437 18
436 90
435 25
434 66
433 26
432 59
431 45
430 52
429 70
428 74
427 65
426 28
425 41
424 29
423 99
422 28
421 91
420 12
419 40
418 10
417 14
416 68
415 44
414 98
413 12
412 38
411 21
410 41
409 99
408 6
407 49
406 6
405 98
404 26
403 26
402 62
401 19
400 64
399 89
398 26
397 94
396 54
395 79
394 76
393 86
392 71
391 10
390 93
389 27
388 74
387 16
386 97
385 32
384 45
383 70
382 1
381 91
380 61
379 10
378 75
377 51
376 87
375 24
374 42
373 84
372 46
371 79
370 90
369 79
368 66
367 51
366 21
365 28
364 25
363 34
362 51
361 4
360 99
359 78
358 58
357 56
356 56
355 66
354 96
353 28
352 44
351 12
350 68
349 6
348 2
347 62
346 60
345 35
344 44
343 8
342 89
341 10
340 51
339 66
338 93
337 39
336 77
335 78
334 30
333 73
332 65
331 99
330 42
329 90
328 68
327 23
326 89
325 52
324 97
323 95
322 37
321 53
320 22
319 83
318 44
317 53
316 23
315 14
314 29
313 22
312 63
311 70
310 14
309 7
308 40
307 79
306 42
305 81
304 79
303 6
302 43
301 69
300 22
299 100
298 97
297 26
296 98
295 93
294 25
293 5
292 18
291 98
290 40
289 98
288 33
287 6
286 23
285 96
284 15
283 0
282 59
281 94
280 28
279 20
278 37
277 87
276 87
275 59
274 98
273 4
272 45
271 22
270 85
269 66
268 84
267 94
266 89
265 13
264 0
263 52
262 59
261 31
260 20
259 21
258 62
257 10
256 70
255 13
254 48
253 67
252 90
251 33
250 52
249 7
248 21
247 55
246 91
245 70
244 26
243 47
242 55
241 95
240 2
239 43
238 27
237 90
236 85
235 47
234 59
233 40
232 68
231 57
230 89
229 15
228 75
227 54
226 41
225 1
224 79
223 20
222 18
221 79
220 67
219 65
218 91
217 42
216 55
215 74
214 36
213 77
212 70
211 51
210 68
209 93
208 25
207 32
206 1
205 71
204 98
203 59
202 100
201 66
200 2
199 0
198 29
197 3
196 65
195 69
194 62
193 11
192 100
191 30
190 11
189 18
188 98
187 75
186 22
185 7
184 35
183 23
182 3
181 89
180 58
179 88
178 96
177 19
176 41
175 78
174 89
173 2
172 33
171 88
170 53
169 83
168 72
167 58
166 11
165 34
164 1
163 59
162 77
161 93
160 30
159 51
158 25
157 43
156 1
155 97
154 60
153 92
152 41
151 71
150 23
149 74
148 71
147 40
146 49
145 20
144 73
143 81
142 39
141 32
140 85
139 90
138 19
137 19
136 78
135 50
134 15
133 53
132 43
131 17
130 51
129 97
128 71
127 96
126 24
125 51
124 89
123 100
122 32
121 79
120 3
119 52
118 55
117 13
116 81
115 91
114 44
113 46
112 53
111 27
110 5
109 44
108 21
107 34
106 5
105 24
104 46
103 99
102 41
101 54
100 90
99 13
98 96
97 67
96 86
95 42
94 99
93 87
92 74
91 25
90 88
89 5
88 43
87 33
86 98
85 67
84 61
83 38
82 3
81 31
80 14
79 37
78 72
77 79
76 88
75 21
74 21
73 97
72 34
71 100
70 44
69 17
68 55
67 51
66 62
65 6
64 97
63 2
62 12
61 89
60 75
59 59
58 89
57 44
56 35
55 91
54 40
53 69
52 40
51 21
50 72
49 38
48 79
47 45
46 29
45 46
44 91
43 11
42 90
41 21
40 22
39 97
38 38
37 39
36 9
35 82
34 91
33 24
32 14
31 51
30 53
29 73
28 94
27 40
26 51
25 37
24 31
23 70
22 90
21 19
20 38
19 59
18 24
17 67
16 91
15 42
14 45
13 30
12 87
11 65
10 24
9 90
8 87
7 28
6 32
5 78
4 0
3 5
2 79
1 8
0 61
