2000 48
1999 26
1998 73
1997 1
1996 38
1995 26
1994 99
1993 94
1992 50
1991 11
1990 0
1989 23
1988 12
1987 24
1986 58
1985 79
1984 42
1983 92
1982 1
1981 7
1980 57
1979 86
1978 14
1977 60
1976 66
1975 9
1974 14
1973 92
1972 5
1971 87
1970 56
1969 64
1968 71
1967 19
1966 10
1965 90
1964 48
1963 98
1962 34
1961 85
1960 3
1959 100
1958 88
1957 19
1956 29
1955 45
1954 18
1953 42
1952 81
1951 91
1950 66
1949 21
1948 34
1947 42
1946 31
1945 23
1944 17
1943 63
1942 7
1941 50
1940 84
1939 50
1938 32
1937 64
1936 28
1935 32
1934 24
1933 35
1932 35
1931 42
1930 97
1929 46
1928 99
1927 28
1926 79
1925 43
1924 48
1923 67
1922 18
1921 57
1920 26
1919 52
1918 6
1917 38
1916 12
1915 73
1914 20
1913 26
1912 31
1911 27
1910 35
1909 13
1908 79
1907 30
1906 35
1905 26
1904 33
1903 43
1902 22
1901 35
1900 24
1899 0
1898 78
1897 77
1896 80
1895 1
1894 69
1893 83
1892 67
1891 53
1890 45
1889 79
1888 100
1887 99
1886 99
1885 15
1884 71
1883 65
1882 14
1881 3
1880 11
1879 55
1878 94
1877 15
1876 16
1875 96
1874 77
1873 30
1872 49
1871 65
1870 10
1869 32
1868 26
1867 65
1866 0
1865 40
1864 73
1863 39
1862 0
1861 71
1860 11
1859 92
1858 61
1857 57
1856 49
1855 84
1854 82
1853 3
1852 7
1851 27
1850 19
1849 25
1848 24
1847 47
1846 17
1845 40
1844 42
1843 0
1842 51
1841 63
1840 5
1839 98
1838 19
1837 22
1836 28
1835 33
1834 44
1833 75
1832 78
1831 90
1830 82
1829 50
1828 52
1827 18
1826 55
1825 92
1824 88
1823 19
1822 72
1821 81
1820 6
1819 54
1818 80
1817 50
1816 92
1815 5
1814 12
1813 21
1812 50
1811 21
1810 41
1809 48
1808 33
1807 15
1806 24
1805 51
1804 99
1803 71
1802 46
1801 59
1800 76
1799 10
1798 74
1797 24
1796 28
1795 68
1794 2
1793 88
1792 49
1791 20
1790 32
1789 45
1788 65
1787 41
1786 81
1785 86
1784 89
1783 74
1782 88
1781 79
1780 70
1779 59
1778 80
1777 33
1776 21
1775 42
1774 41
1773 99
1772 96
1771 59
1770 75
1769 90
1768 57
1767 44
1766 70
1765 89
1764 76
1763 81
1762 84
1761 34
1760 18
1759 49
1758 47
1757 10
1756 56
1755 32
1754 24
1753 93
1752 52
1751 2
1750 58
1749 70
1748 58
1747 12
1746 72
1745 89
1744 96
1743 12
1742 89
1741 47
1740 58
1739 81
1738 25
1737 9
1736 29
1735 54
1734 84
1733 89
1732 22
1731 45
1730 89
1729 87
1728 6
1727 73
1726 40
1725 55
1724 31
1723 12
1722 26
1721 25
1720 61
1719 30
1718 22
1717 10
1716 45
1715 14
1714 25
1713 34
1712 82
1711 79
1710 56
1709 36
1708 99
1707 3
1706 32
1705 58
1704 43
1703 22
1702 53
1701 69
1700 4
1699 92
1698 80
1697 79
1696 74
1695 95
1694 78
1693 74
1692 19
1691 98
1690 29
1689 90
1688 25
1687 85
1686 89
1685 29
1684 20
1683 15
1682 27
1681 89
1680 19
1679 33
1678 98
1677 9
1676 51
1675 93
1674 86
1673 32
1672 62
1671 83
1670 96
1669 70
1668 67
1667 56
1666 35
1665 58
1664 64
1663 95
1662 71
1661 41
1660 28
1659 45
1658 99
1657 41
1656 81
1655 12
1654 23
1653 50
1652 40
1651 19
1650 2
1649 40
1648 36
1647 22
1646 46
1645 69
1644 50
1643 87
1642 32
1641 11
1640 90
1639 74
1638 77
1637 76
1636 90
1635 56
1634 26
1633 56
1632 82
1631 75
1630 67
1629 97
1628 15
1627 19
1626 37
1625 87
1624 61
1623 18
1622 57
1621 21
1620 10
1619 71
1618 48
1617 0
1616 39
1615 98
1614 74
1613 63
1612 25
1611 44
1610 7
1609 12
1608 38
1607 96
1606 58
1605 100
1604 2
1603 79
1602 65
1601 62
1600 83
1599 51
1598 11
1597 61
1596 58
1595 45
1594 16
1593 34
1592 76
1591 4
1590 19
1589 40
1588 19
1587 63
1586 47
1585 90
1584 88
1583 98
1582 12
1581 51
1580 38
1579 79
1578 81
1577 84
1576 90
1575 22
1574 28
1573 42
1572 87
1571 12
1570 25
1569 42
1568 9
1567 15
1566 17
1565 73
1564 97
1563 58
1562 90
1561 58
1560 99
1559 47
1558 86
1557 5
1556 14
1555 95
1554 40
1553 65
1552 66
1551 97
1550 90
1549 58
1548 32
1547 67
1546 14
1545 2
1544 26
1543 83
1542 53
1541 97
1540 38
1539 52
1538 36
1537 10
1536 41
1535 74
1534 27
1533 67
1532 74
1531 67
1530 25
1529 86
1528 90
1527 79
1526 64
1525 17
1524 66
1523 53
1522 86
1521 15
1520 57
1519 56
1518 78
1517 46
1516 15
1515 82
1514 90
1513 33
1512 58
1511 98
1510 32
1509 43
1508 10
1507 53
1506 41
1505 78
1504 17
1503 99
1502 64
1501 28
1500 72
1499 48
1498 19
1497 56
1496 1
1495 14
1494 16
1493 84
1492 71
1491 100
1490 61
1489 40
1488 93
1487 5
1486 79
1485 79
1484 68
1483 96
1482 10
1481 89
1480 85
1479 53
1478 80
1477 21
1476 56
1475 21
1474 0
1473 11
1472 9
1471 7
1470 15
1469 99
1468 1
1467 24
1466 32
1465 60
1464 17
1463 99
1462 26
1461 59
1460 7
1459 61
1458 56
1457 44
1456 68
1455 57
1454 73
1453 30
1452 78
1451 72
1450 57
1449 29
1448 92
1447 96
1446 82
1445 14
1444 13
1443 59
1442 96
1441 46
1440 37
1439 5
1438 8
1437 49
1436 35
1435 34
1434 35
1433 42
1432 7
1431 70
1430 71
1429 3
1428 37
1427 55
1426 57
1425 98
1424 30
1423 24
1422 5
1421 23
1420 67
1419 3
1418 67
1417 27
1416 7
1415 62
1414 30
1413 92
1412 96
1411 39
1410 74
1409 38
1408 100
1407 13
1406 78
1405 6
1404 96
1403 26
1402 45
1401 35
1400 80
1399 96
1398 30
1397 73
1396 22
1395 83
1394 34
1393 77
1392 67
1391 69
1390 84
1389 4
1388 78
1387 96
1386 41
1385 29
1384 30
1383 1
1382 89
1381 56
1380 84
1379 2
1378 61
1377 2
1376 43
1375 20
1374 36
1373 59
1372 0
1371 36
1370 71
1369 42
1368 51
1367 39
1366 10
1365 14
1364 83
1363 58
1362 56
1361 98
1360 0
1359 81
1358 60
1357 30
1356 54
1355 33
1354 77
1353 25
1352 26
1351 61
1350 16
1349 86
1348 66
1347 92
1346 81
1345 59
1344 85
1343 35
1342 24
1341 95
1340 12
1339 66
1338 21
1337 90
1336 82
1335 29
1334 29
1333 49
1332 80
1331 69
1330 70
1329 69
1328 22
1327 31
1326 99
1325 45
1324 16
1323 63
1322 20
1321 11
1320 9
1319 31
1318 61
1317 9
1316 7
1315 66
1314 9
1313 1
1312 8
1311 19
1310 69
1309 67
1308 90
1307 2
1306 48
1305 96
1304 64
1303 8
1302 89
1301 78
1300 0
1299 82
1298 65
1297 67
1296 20
1295 84
1294 41
1293 71
1292 57
1291 50
1290 25
1289 100
1288 46
1287 29
1286 91
1285 44
1284 93
1283 86
1282 75
1281 29
1280 40
1279 88
1278 96
1277 59
1276 7
1275 41
1274 54
1273 11
1272 100
1271 78
1270 2
1269 10
1268 35
1267 71
1266 90
1265 34
1264 59
1263 77
1262 2
1261 62
1260 4
1259 60
1258 16
1257 39
1256 98
1255 65
1254 39
1253 40
1252 85
1251 55
1250 52
1249 49
1248 67
1247 59
1246 67
1245 66
1244 10
1243 89
1242 41
1241 1
1240 40
1239 52
1238 20
1237 84
1236 21
1235 24
1234 7
1233 63
1232 78
1231 40
1230 41
1229 96
1228 72
1227 80
1226 97
1225 2
1224 25
1223 47
1222 68
1221 49
1220 73
1219 23
1218 34
1217 32
1216 7
1215 72
1214 52
1213 52
1212 34
1211 62
1210 12
1209 74
1208 87
1207 77
1206 3
1205 9
1204 16
1203 49
1202 96
1201 37
1200 11
1199 6
1198 33
1197 73
1196 42
1195 23
1194 3
1193 74
1192 66
1191 78
1190 85
1189 29
1188 76
1187 10
1186 9
1185 8
1184 84
1183 16
1182 57
1181 55
1180 30
1179 0
1178 28
1177 79
1176 32
1175 29
1174 55
1173 74
1172 6
1171 77
1170 37
1169 27
1168 31
1167 98
1166 42
1165 75
1164 64
1163 52
1162 28
1161 33
1160 61
1159 83
1158 26
1157 46
1156 71
1155 37
1154 69
1153 20
1152 18
1151 8
1150 45
1149 67
1148 89
1147 84
1146 71
1145 91
1144 51
1143 39
1142 14
1141 95
1140 3
1139 8
1138 76
1137 11
1136 4
1135 97
1134 99
1133 7
1132 94
1131 41
1130 87
1129 87
1128 43
1127 27
1126 7
1125 12
1124 70
1123 67
1122 97
1121 4
1120 96
1119 94
1118 91
1117 92
1116 35
1115 19
1114 36
1113 60
1112 23
1111 98
1110 98
1109 5
1108 47
1107 55
1106 97
1105 6
1104 74
1103 7
1102 12
1101 62
1100 13
1099 94
1098 96
1097 12
1096 22
1095 6
1094 71
1093 48
1092 29
1091 87
1090 22
1089 45
1088 47
1087 7
1086 20
1085 52
1084 55
1083 2
1082 67
1081 9
1080 38
1079 27
1078 75
1077 59
1076 32
1075 53
1074 49
1073 40
1072 93
1071 91
1070 19
1069 99
1068 52
1067 73
1066 57
1065 63
1064 4
1063 22
1062 33
1061 50
1060 40
1059 9
1058 11
1057 79
1056 4
1055 4
1054 56
1053 67
1052 24
1051 91
1050 75
1049 42
1048 38
1047 92
1046 24
1045 29
1044 38
1043 48
1042 10
1041 21
1040 80
1039 52
1038 98
1037 16
1036 31
1035 10
1034 86
1033 11
1032 15
1031 96
1030 95
1029 92
1028 10
1027 72
1026 70
1025 8
1024 45
1023 55
1022 43
1021 49
1020 5
1019 3
1018 14
1017 87
1016 95
1015 2
1014 51
1013 91
1012 53
1011 6
1010 70
1009 56
1008 91
1007 19
1006 23
1005 4
1004 98
1003 33
1002 83
1001 58
1000 44
999 1
998 47
997 85
996 34
995 58
994 71
993 40
992 32
991 33
990 16
989 37
988 49
987 41
986 0
985 25
984 42
983 50
982 60
981 0
980 94
979 39
978 26
977 65
976 49
975 59
974 92
973 53
972 60
971 69
970 70
969 8
968 70
967 71
966 20
965 4
964 22
963 82
962 4
961 83
960 48
959 60
958 83
957 52
956 26
955 36
954 82
953 23
952 2
951 43
950 85
949 35
948 92
947 16
946 54
945 71
944 25
943 83
942 39
941 14
940 75
939 34
938 57
937 83
936 39
935 88
934 48
933 92
932 81
931 2
930 13
929 11
928 64
927 40
926 41
925 84
924 59
923 79
922 97
921 12
920 97
919 14
918 76
917 8
916 9
915 66
914 96
913 63
912 8
911 73
910 75
909 47
908 35
907 100
906 56
905 34
904 86
903 14
902 78
901 40
900 48
899 26
898 83
897 3
896 93
895 93
894 21
893 33
892 66
891 51
890 15
889 65
888 53
887 73
886 75
885 96
884 87
883 21
882 58
881 60
880 89
879 16
878 75
877 54
876 40
875 80
874 67
873 17
872 79
871 44
870 2
869 92
868 26
867 38
866 21
865 24
864 84
863 97
862 93
861 62
860 91
859 61
858 92
857 69
856 37
855 44
854 83
853 33
852 19
851 25
850 62
849 51
848 4
847 94
846 46
845 99
844 4
843 90
842 76
841 81
840 71
839 54
838 32
837 92
836 90
835 64
834 60
833 14
832 1
831 47
830 22
829 52
828 49
827 56
826 39
825 51
824 6
823 3
822 14
821 19
820 32
819 79
818 97
817 73
816 37
815 53
814 97
813 46
812 53
811 61
810 56
809 7
808 12
807 48
806 22
805 14
804 95
803 50
802 39
801 47
800 74
799 44
798 75
797 77
796 61
795 76
794 88
793 70
792 87
791 23
790 47
789 65
788 51
787 87
786 25
785 88
784 56
783 95
782 72
781 56
780 6
779 68
778 57
777 66
776 34
775 36
774 8
773 49
772 72
771 51
770 53
769 41
768 26
767 67
766 22
765 58
764 71
763 36
762 28
761 61
760 45
759 42
758 88
757 6
756 71
755 77
754 38
753 4
752 25
751 46
750 25
749 61
748 71
747 34
746 14
745 94
744 59
743 65
742 67
741 93
740 72
739 30
738 46
737 71
736 61
735 14
734 68
733 50
732 46
731 65
730 95
729 77
728 80
727 27
726 31
725 40
724 25
723 77
722 14
721 76
720 92
719 43
718 97
717 31
716 72
715 19
714 62
713 16
712 46
711 56
710 40
709 61
708 9
707 94
706 28
705 79
704 77
703 25
702 81
701 58
700 29
699 62
698 19
697 20
696 79
695 50
694 85
693 80
692 48
691 78
690 67
689 20
688 95
687 10
686 91
685 26
684 97
683 95
682 91
681 96
680 39
679 0
678 100
677 83
676 16
675 51
674 87
673 47
672 36
671 37
670 31
669 44
668 49
667 18
666 77
665 35
664 22
663 18
662 29
661 9
660 66
659 45
658 98
657 66
656 93
655 72
654 17
653 70
652 84
651 53
650 43
649 21
648 10
647 49
646 2
645 76
644 63
643 71
642 76
641 31
640 81
639 92
638 23
637 33
636 36
635 54
634 8
633 25
632 89
631 100
630 57
629 16
628 24
627 19
626 68
625 80
624 85
623 63
622 17
621 66
620 17
619 46
618 26
617 58
616 1
615 31
614 80
613 69
612 25
611 93
610 1
609 59
608 17
607 74
606 18
605 44
604 69
603 79
602 68
601 32
600 40
599 93
598 53
597 29
596 13
595 98
594 12
593 59
592 78
591 46
590 6
589 19
588 34
587 95
586 59
585 3
584 74
583 5
582 54
581 14
580 51
579 37
578 87
577 65
576 29
575 68
574 80
573 18
572 97
571 47
570 7
569 68
568 80
567 88
566 11
565 30
564 80
563 4
562 69
561 38
560 41
559 82
558 66
557 56
556 73
555 19
554 93
553 79
552 74
551 4
550 31
549 69
548 33
547 4
546 2
545 44
544 82
543 47
542 28
541 3
540 18
539 94
538 1
537 82
536 51
535 88
534 24
533 74
532 83
531 78
530 20
529 54
528 92
527 52
526 33
525 82
524 65
523 43
522 85
521 47
520 87
519 8
518 83
517 38
516 91
515 4
514 74
513 9
512 23
511 9
510 70
509 8
508 76
507 3
506 92
505 77
504 40
503 38
502 81
501 17
500 72
499 82
498 44
497 96
496 12
495 59
494 94
493 12
492 40
491 90
490 4
489 75
488 33
487 12
486 88
485 91
484 23
483 11
482 85
481 12
480 85
479 90
478 75
477 7
476 71
475 94
474 80
473 62
472 63
471 54
470 40
469 81
468 0
467 20
466 86
465 45
464 82
463 16
462 43
461 66
460 3
459 46
458 14
457 22
456 23
455 100
454 59
453 31
452 29
451 17
450 98
449 26
448 0
447 71
446 59
445 85
444 24
443 59
442 42
441 22
440 45
439 98
438 5
437 96
436 97
435 25
434 35
433 12
432 68
431 49
430 17
429 2
428 56
427 86
426 3
425 68
424 47
423 55
422 76
421 83
420 9
419 64
418 95
417 90
416 2
415 53
414 18
413 98
412 65
411 33
410 20
409 52
408 28
407 8
406 45
405 79
404 6
403 13
402 54
401 77
400 97
399 81
398 92
397 22
396 60
395 68
394 48
393 1
392 29
391 3
390 74
389 86
388 63
387 91
386 8
385 87
384 96
383 11
382 33
381 72
380 93
379 84
378 5
377 81
376 97
375 93
374 14
373 95
372 27
371 33
370 44
369 35
368 51
367 69
366 22
365 77
364 83
363 17
362 29
361 19
360 24
359 86
358 41
357 47
356 69
355 24
354 79
353 83
352 73
351 78
350 19
349 58
348 69
347 18
346 99
345 21
344 30
343 22
342 55
341 80
340 10
339 66
338 40
337 59
336 14
335 61
334 42
333 9
332 12
331 89
330 13
329 91
328 59
327 76
326 71
325 71
324 57
323 37
322 17
321 98
320 89
319 25
318 64
317 82
316 13
315 52
314 58
313 85
312 83
311 73
310 97
309 48
308 21
307 81
306 68
305 75
304 46
303 26
302 76
301 0
300 48
299 71
298 48
297 77
296 36
295 94
294 89
293 2
292 2
291 30
290 10
289 38
288 22
287 88
286 88
285 55
284 0
283 31
282 92
281 78
280 16
279 60
278 72
277 29
276 40
275 96
274 60
273 7
272 93
271 45
270 47
269 52
268 81
267 19
266 36
265 3
264 37
263 75
262 34
261 96
260 79
259 82
258 59
257 60
256 12
255 32
254 5
253 50
252 94
251 48
250 80
249 35
248 64
247 17
246 29
245 97
244 82
243 8
242 7
241 70
240 11
239 9
238 91
237 36
236 62
235 20
234 8
233 90
232 24
231 39
230 53
229 14
228 89
227 42
226 91
225 63
224 82
223 35
222 48
221 2
220 75
219 73
218 63
217 42
216 70
215 46
214 29
213 46
212 88
211 35
210 37
209 43
208 13
207 7
206 100
205 52
204 69
203 83
202 47
201 10
200 46
199 60
198 3
197 68
196 66
195 41
194 10
193 79
192 52
191 25
190 41
189 69
188 15
187 50
186 32
185 9
184 13
183 97
182 100
181 35
180 78
179 65
178 88
177 19
176 100
175 97
174 12
173 19
172 68
171 69
170 51
169 1
168 33
167 80
166 55
165 77
164 20
163 9
162 84
161 27
160 36
159 49
158 46
157 56
156 42
155 39
154 20
153 51
152 93
151 26
150 85
149 52
148 2
147 8
146 79
145 17
144 46
143 48
142 62
141 32
140 90
139 47
138 2
137 21
136 39
135 14
134 82
133 38
132 47
131 27
130 1
129 67
128 36
127 3
126 97
125 3
124 80
123 94
122 23
121 16
120 26
119 59
118 46
117 98
116 23
115 65
114 12
113 69
112 73
111 92
110 71
109 99
108 84
107 49
106 51
105 56
104 69
103 89
102 60
101 22
100 15
99 42
98 72
97 5
96 59
95 4
94 62
93 31
92 17
91 46
90 26
89 79
88 91
87 49
86 88
85 0
84 90
83 59
82 71
81 87
80 44
79 91
78 68
77 64
76 82
75 55
74 1
73 22
72 81
71 29
70 96
69 3
68 91
67 37
66 57
65 13
64 14
63 76
62 3
61 76
60 19
59 100
58 95
57 23
56 4
55 13
54 37
53 15
52 49
51 90
50 8
49 85
48 7
47 88
46 56
45 58
44 33
43 45
42 44
41 68
40 84
39 32
38 47
37 22
36 69
35 98
34 42
33 96
32 77
31 7
30 61
29 4
28 66
27 23
26 100
25 87
24 47
23 40
22 20
21 21
20 52
19 1
18 71
17 26
16 65
15 45
14 70
13 23
12 91
11 44
10 62
9 11
8 37
7 74
6 88
5 8
4 9
3 40
2 52
1 64
0 7
