3000 13
2999 6
2998 2
2997 87
2996 15
2995 50
2994 66
2993 50
2992 86
2991 75
2990 22
2989 1
2988 84
2987 28
2986 6
2985 54
2984 8
2983 56
2982 23
2981 98
2980 26
2979 97
2978 100
2977 81
2976 24
2975 29
2974 99
2973 91
2972 23
2971 3
2970 80
2969 12
2968 36
2967 69
2966 90
2965 70
2964 86
2963 36
2962 30
2961 58
2960 63
2959 92
2958 35
2957 18
2956 54
2955 98
2954 93
2953 6
2952 84
2951 25
2950 3
2949 16
2948 26
2947 61
2946 92
2945 29
2944 27
2943 93
2942 49
2941 85
2940 72
2939 22
2938 66
2937 93
2936 4
2935 22
2934 29
2933 50
2932 17
2931 10
2930 7
2929 57
2928 91
2927 86
2926 49
2925 99
2924 46
2923 84
2922 57
2921 46
2920 5
2919 52
2918 24
2917 12
2916 18
2915 46
2914 56
2913 31
2912 14
2911 11
2910 54
2909 27
2908 57
2907 34
2906 4
2905 36
2904 0
2903 2
2902 46
2901 84
2900 16
2899 30
2898 29
2897 22
2896 3
2895 11
2894 91
2893 32
2892 51
2891 18
2890 5
2889 23
2888 76
2887 5
2886 95
2885 39
2884 88
2883 35
2882 76
2881 65
2880 63
2879 27
2878 30
2877 95
2876 21
2875 42
2874 23
2873 92
2872 82
2871 53
2870 72
2869 55
2868 84
2867 95
2866 26
2865 77
2864 62
2863 25
2862 35
2861 77
2860 31
2859 17
2858 39
2857 2
2856 12
2855 29
2854 41
2853 82
2852 16
2851 18
2850 78
2849 31
2848 21
2847 28
2846 14
2845 19
2844 50
2843 91
2842 15
2841 77
2840 8
2839 17
2838 88
2837 76
2836 45
2835 76
2834 7
2833 87
2832 71
2831 42
2830 13
2829 88
2828 90
2827 44
2826 2
2825 48
2824 9
2823 90
2822 41
2821 30
2820 57
2819 91
2818 83
2817 83
2816 83
2815 8
2814 79
2813 53
2812 30
2811 67
2810 50
2809 71
2808 73
2807 19
2806 48
2805 12
2804 41
2803 60
2802 68
2801 61
2800 76
2799 65
2798 31
2797 52
2796 49
2795 95
2794 19
2793 91
2792 57
2791 69
2790 33
2789 74
2788 13
2787 21
2786 23
2785 93
2784 43
2783 47
2782 23
2781 82
2780 76
2779 50
2778 94
2777 95
2776 29
2775 19
2774 71
2773 83
2772 12
2771 84
2770 48
2769 23
2768 80
2767 68
2766 61
2765 50
2764 51
2763 30
2762 89
2761 80
2760 84
2759 31
2758 93
2757 17
2756 95
2755 6
2754 64
2753 86
2752 57
2751 70
2750 57
2749 70
2748 26
2747 35
2746 80
2745 87
2744 93
2743 63
2742 27
2741 52
2740 99
2739 27
2738 3
2737 11
2736 98
2735 82
2734 51
2733 71
2732 22
2731 29
2730 96
2729 19
2728 96
2727 27
2726 48
2725 21
2724 6
2723 0
2722 54
2721 90
2720 5
2719 75
2718 25
2717 45
2716 45
2715 36
2714 88
2713 40
2712 100
2711 100
2710 20
2709 59
2708 79
2707 26
2706 48
2705 1
2704 33
2703 98
2702 91
2701 99
2700 94
2699 23
2698 24
2697 87
2696 71
2695 10
2694 66
2693 3
2692 94
2691 35
2690 15
2689 97
2688 60
2687 28
2686 54
2685 10
2684 60
2683 24
2682 15
2681 51
2680 43
2679 96
2678 100
2677 34
2676 6
2675 36
2674 45
2673 82
2672 65
2671 78
2670 68
2669 50
2668 58
2667 57
2666 42
2665 34
2664 83
2663 94
2662 48
2661 55
2660 72
2659 9
2658 7
2657 41
2656 30
2655 0
2654 79
2653 38
2652 27
2651 22
2650 52
2649 17
2648 40
2647 20
2646 65
2645 98
2644 15
2643 100
2642 68
2641 11
2640 41
2639 89
2638 62
2637 47
2636 47
2635 18
2634 65
2633 80
2632 17
2631 10
2630 15
2629 90
2628 54
2627 32
2626 13
2625 15
2624 67
2623 2
2622 24
2621 85
2620 51
2619 28
2618 7
2617 3
2616 29
2615 59
2614 71
2613 70
2612 78
2611 49
2610 83
2609 80
2608 100
2607 26
2606 80
2605 76
2604 7
2603 76
2602 83
2601 3
2600 42
2599 22
2598 80
2597 7
2596 63
2595 45
2594 74
2593 79
2592 58
2591 96
2590 97
2589 91
2588 85
2587 95
2586 53
2585 15
2584 76
2583 62
2582 57
2581 0
2580 83
2579 17
2578 28
2577 36
2576 54
2575 10
2574 57
2573 16
2572 69
2571 77
2570 100
2569 76
2568 78
2567 57
2566 44
2565 89
2564 4
2563 94
2562 83
2561 100
2560 72
2559 32
2558 64
2557 30
2556 54
2555 71
2554 12
2553 88
2552 70
2551 22
2550 9
2549 8
2548 56
2547 57
2546 50
2545 58
2544 73
2543 36
2542 18
2541 23
2540 11
2539 46
2538 85
2537 25
2536 20
2535 37
2534 46
2533 38
2532 32
2531 39
2530 21
2529 51
2528 29
2527 7
2526 15
2525 57
2524 4
2523 2
2522 30
2521 14
2520 35
2519 60
2518 54
2517 9
2516 37
2515 56
2514 72
2513 26
2512 27
2511 57
2510 63
2509 4
2508 88
2507 66
2506 9
2505 92
2504 30
2503 37
2502 61
2501 94
2500 28
2499 96
2498 23
2497 14
2496 30
2495 44
2494 72
2493 19
2492 22
2491 31
2490 56
2489 46
2488 63
2487 28
2486 100
2485 49
2484 94
2483 38
2482 47
2481 30
2480 96
2479 56
2478 37
2477 1
2476 79
2475 72
2474 18
2473 34
2472 38
2471 48
2470 57
2469 15
2468 86
2467 3
2466 50
2465 4
2464 94
2463 77
2462 49
2461 76
2460 25
2459 39
2458 81
2457 38
2456 85
2455 66
2454 62
2453 97
2452 63
2451 25
2450 50
2449 24
2448 8
2447 56
2446 38
2445 46
2444 74
2443 66
2442 13
2441 54
2440 90
2439 93
2438 42
2437 75
2436 3
2435 92
2434 91
2433 95
2432 32
2431 86
2430 67
2429 56
2428 57
2427 38
2426 79
2425 6
2424 14
2423 2
2422 67
2421 75
2420 68
2419 44
2418 86
2417 42
2416 74
2415 85
2414 33
2413 64
2412 17
2411 53
2410 32
2409 96
2408 32
2407 40
2406 91
2405 58
2404 84
2403 45
2402 39
2401 36
2400 71
2399 14
2398 41
2397 43
2396 81
2395 4
2394 73
2393 50
2392 85
2391 73
2390 63
2389 11
2388 55
2387 35
2386 65
2385 57
2384 86
2383 67
2382 86
2381 25
2380 5
2379 55
2378 16
2377 10
2376 13
2375 61
2374 66
2373 68
2372 41
2371 64
2370 37
2369 8
2368 61
2367 80
2366 0
2365 4
2364 51
2363 84
2362 8
2361 64
2360 92
2359 90
2358 80
2357 77
2356 72
2355 73
2354 66
2353 43
2352 45
2351 21
2350 54
2349 32
2348 95
2347 85
2346 96
2345 21
2344 87
2343 1
2342 22
2341 3
2340 46
2339 26
2338 17
2337 31
2336 43
2335 67
2334 3
2333 83
2332 8
2331 9
2330 80
2329 79
2328 68
2327 90
2326 5
2325 21
2324 37
2323 50
2322 2
2321 44
2320 58
2319 40
2318 31
2317 57
2316 52
2315 64
2314 74
2313 91
2312 94
2311 78
2310 34
2309 48
2308 47
2307 70
2306 48
2305 40
2304 10
2303 5
2302 94
2301 31
2300 60
2299 64
2298 63
2297 86
2296 95
2295 73
2294 31
2293 46
2292 87
2291 76
2290 3
2289 7
2288 18
2287 70
2286 99
2285 55
2284 18
2283 28
2282 58
2281 83
2280 24
2279 37
2278 40
2277 29
2276 1
2275 23
2274 55
2273 59
2272 5
2271 11
2270 83
2269 8
2268 80
2267 19
2266 8
2265 34
2264 12
2263 47
2262 21
2261 39
2260 69
2259 4
2258 98
2257 0
2256 65
2255 61
2254 47
2253 54
2252 54
2251 18
2250 86
2249 100
2248 13
2247 2
2246 81
2245 43
2244 8
2243 13
2242 30
2241 0
2240 66
2239 35
2238 0
2237 18
2236 95
2235 44
2234 70
2233 3
2232 97
2231 63
2230 18
2229 43
2228 53
2227 47
2226 87
2225 83
2224 94
2223 64
2222 47
2221 89
2220 49
2219 90
2218 72
2217 13
2216 57
2215 8
2214 17
2213 4
2212 81
2211 50
2210 57
2209 64
2208 35
2207 8
2206 17
2205 10
2204 57
2203 71
2202 20
2201 85
2200 75
2199 96
2198 100
2197 18
2196 33
2195 7
2194 47
2193 33
2192 6
2191 31
2190 83
2189 15
2188 63
2187 4
2186 11
2185 98
2184 91
2183 37
2182 45
2181 86
2180 69
2179 70
2178 28
2177 63
2176 7
2175 68
2174 91
2173 25
2172 37
2171 49
2170 83
2169 71
2168 68
2167 5
2166 77
2165 6
2164 60
2163 42
2162 93
2161 99
2160 15
2159 85
2158 74
2157 32
2156 61
2155 76
2154 41
2153 33
2152 93
2151 32
2150 52
2149 35
2148 79
2147 52
2146 3
2145 79
2144 25
2143 74
2142 21
2141 32
2140 39
2139 71
2138 39
2137 55
2136 42
2135 23
2134 79
2133 62
2132 38
2131 75
2130 25
2129 28
2128 57
2127 29
2126 33
2125 16
2124 3
2123 63
2122 84
2121 5
2120 81
2119 43
2118 4
2117 7
2116 37
2115 12
2114 67
2113 85
2112 99
2111 45
2110 33
2109 13
2108 91
2107 9
2106 91
2105 43
2104 58
2103 44
2102 40
2101 41
2100 64
2099 25
2098 91
2097 33
2096 83
2095 12
2094 63
2093 95
2092 6
2091 57
2090 90
2089 41
2088 68
2087 100
2086 53
2085 57
2084 96
2083 19
2082 90
2081 26
2080 9
2079 49
2078 60
2077 7
2076 37
2075 28
2074 25
2073 25
2072 83
2071 71
2070 76
2069 65
2068 52
2067 48
2066 14
2065 96
2064 38
2063 35
2062 59
2061 77
2060 56
2059 39
2058 34
2057 6
2056 41
2055 33
2054 90
2053 15
2052 43
2051 52
2050 54
2049 100
2048 11
2047 74
2046 28
2045 97
2044 7
2043 6
2042 80
2041 47
2040 45
2039 82
2038 96
2037 39
2036 33
2035 99
2034 8
2033 37
2032 13
2031 26
2030 68
2029 78
2028 93
2027 3
2026 28
2025 50
2024 6
2023 31
2022 27
2021 99
2020 22
2019 4
2018 88
2017 58
2016 41
2015 28
2014 43
2013 22
2012 73
2011 69
2010 33
2009 69
2008 83
2007 69
2006 68
2005 11
2004 49
2003 82
2002 100
2001 5
2000 46
1999 48
1998 37
1997 70
1996 9
1995 22
1994 64
1993 100
1992 16
1991 75
1990 34
1989 30
1988 60
1987 44
1986 97
1985 87
1984 67
1983 89
1982 3
1981 80
1980 90
1979 66
1978 27
1977 11
1976 65
1975 66
1974 59
1973 57
1972 80
1971 67
1970 20
1969 83
1968 37
1967 29
1966 15
1965 97
1964 28
1963 36
1962 39
1961 32
1960 34
1959 75
1958 20
1957 63
1956 26
1955 40
1954 65
1953 35
1952 70
1951 72
1950 55
1949 0
1948 65
1947 50
1946 30
1945 73
1944 10
1943 97
1942 58
1941 99
1940 69
1939 9
1938 22
1937 50
1936 8
1935 59
1934 58
1933 45
1932 59
1931 19
1930 16
1929 48
1928 50
1927 100
1926 45
1925 14
1924 15
1923 16
1922 59
1921 78
1920 74
1919 89
1918 71
1917 56
1916 3
1915 17
1914 14
1913 56
1912 8
1911 27
1910 9
1909 18
1908 52
1907 84
1906 94
1905 5
1904 48
1903 8
1902 45
1901 47
1900 23
1899 8
1898 57
1897 5
1896 90
1895 46
1894 15
1893 70
1892 89
1891 78
1890 67
1889 13
1888 70
1887 56
1886 2
1885 47
1884 12
1883 29
1882 12
1881 67
1880 7
1879 77
1878 52
1877 80
1876 75
1875 11
1874 89
1873 66
1872 62
1871 50
1870 34
1869 8
1868 41
1867 74
1866 94
1865 90
1864 56
1863 57
1862 66
1861 95
1860 31
1859 90
1858 69
1857 80
1856 87
1855 24
1854 32
1853 70
1852 22
1851 9
1850 32
1849 99
1848 37
1847 11
1846 19
1845 2
1844 88
1843 69
1842 65
1841 67
1840 77
1839 6
1838 95
1837 68
1836 78
1835 10
1834 43
1833 90
1832 20
1831 77
1830 62
1829 53
1828 8
1827 95
1826 17
1825 81
1824 31
1823 100
1822 20
1821 52
1820 66
1819 21
1818 70
1817 46
1816 67
1815 13
1814 2
1813 10
1812 31
1811 2
1810 71
1809 74
1808 23
1807 86
1806 44
1805 39
1804 16
1803 20
1802 90
1801 97
1800 80
1799 78
1798 95
1797 36
1796 9
1795 90
1794 12
1793 94
1792 62
1791 43
1790 55
1789 92
1788 0
1787 15
1786 85
1785 36
1784 26
1783 10
1782 38
1781 5
1780 24
1779 72
1778 67
1777 86
1776 61
1775 62
1774 65
1773 66
1772 66
1771 33
1770 45
1769 50
1768 40
1767 0
1766 22
1765 23
1764 84
1763 75
1762 15
1761 21
1760 44
1759 31
1758 38
1757 55
1756 96
1755 92
1754 14
1753 61
1752 5
1751 38
1750 66
1749 9
1748 46
1747 47
1746 70
1745 90
1744 23
1743 28
1742 57
1741 50
1740 85
1739 26
1738 11
1737 70
1736 86
1735 100
1734 2
1733 21
1732 95
1731 18
1730 98
1729 60
1728 32
1727 97
1726 31
1725 30
1724 28
1723 68
1722 8
1721 97
1720 36
1719 41
1718 71
1717 73
1716 27
1715 65
1714 89
1713 46
1712 69
1711 70
1710 42
1709 61
1708 13
1707 53
1706 19
1705 67
1704 83
1703 59
1702 48
1701 46
1700 73
1699 34
1698 91
1697 72
1696 35
1695 67
1694 73
1693 93
1692 76
1691 94
1690 36
1689 87
1688 65
1687 64
1686 37
1685 80
1684 28
1683 31
1682 30
1681 80
1680 88
1679 10
1678 95
1677 18
1676 21
1675 58
1674 1
1673 48
1672 69
1671 89
1670 66
1669 37
1668 49
1667 12
1666 36
1665 89
1664 77
1663 4
1662 29
1661 97
1660 19
1659 9
1658 55
1657 37
1656 35
1655 87
1654 46
1653 45
1652 23
1651 97
1650 86
1649 76
1648 82
1647 35
1646 92
1645 24
1644 62
1643 14
1642 80
1641 26
1640 5
1639 63
1638 49
1637 86
1636 91
1635 56
1634 12
1633 0
1632 34
1631 91
1630 76
1629 13
1628 38
1627 76
1626 11
1625 94
1624 62
1623 13
1622 52
1621 93
1620 47
1619 94
1618 55
1617 17
1616 24
1615 69
1614 36
1613 0
1612 7
1611 7
1610 80
1609 89
1608 24
1607 86
1606 98
1605 33
1604 50
1603 70
1602 84
1601 91
1600 48
1599 39
1598 77
1597 27
1596 56
1595 84
1594 68
1593 15
1592 18
1591 68
1590 9
1589 77
1588 12
1587 34
1586 89
1585 48
1584 40
1583 51
1582 90
1581 42
1580 60
1579 71
1578 67
1577 46
1576 93
1575 87
1574 48
1573 41
1572 47
1571 27
1570 97
1569 82
1568 65
1567 87
1566 73
1565 13
1564 74
1563 40
1562 5
1561 38
1560 74
1559 92
1558 73
1557 93
1556 81
1555 49
1554 67
1553 61
1552 56
1551 71
1550 69
1549 10
1548 81
1547 10
1546 7
1545 96
1544 11
1543 2
1542 3
1541 71
1540 63
1539 23
1538 38
1537 61
1536 26
1535 79
1534 26
1533 0
1532 21
1531 32
1530 43
1529 99
1528 20
1527 97
1526 11
1525 26
1524 15
1523 66
1522 65
1521 34
1520 7
1519 69
1518 34
1517 71
1516 83
1515 75
1514 12
1513 78
1512 73
1511 15
1510 69
1509 67
1508 4
1507 29
1506 33
1505 23
1504 92
1503 0
1502 68
1501 62
1500 66
1499 65
1498 70
1497 47
1496 42
1495 29
1494 5
1493 62
1492 50
1491 99
1490 78
1489 24
1488 51
1487 59
1486 73
1485 83
1484 86
1483 17
1482 50
1481 40
1480 72
1479 21
1478 59
1477 85
1476 49
1475 79
1474 2
1473 52
1472 65
1471 7
1470 85
1469 10
1468 30
1467 70
1466 58
1465 25
1464 12
1463 61
1462 16
1461 30
1460 37
1459 94
1458 78
1457 20
1456 29
1455 58
1454 99
1453 51
1452 2
1451 70
1450 61
1449 52
1448 79
1447 81
1446 7
1445 21
1444 89
1443 84
1442 72
1441 57
1440 63
1439 57
1438 29
1437 59
1436 80
1435 43
1434 92
1433 25
1432 68
1431 77
1430 73
1429 10
1428 85
1427 39
1426 99
1425 4
1424 12
1423 61
1422 19
1421 71
1420 44
1419 2
1418 91
1417 80
1416 8
1415 74
1414 14
1413 53
1412 18
1411 12
1410 97
1409 12
1408 19
1407 82
1406 36
1405 29
1404 78
1403 66
1402 80
1401 58
1400 1
1399 1
1398 37
1397 76
1396 97
1395 52
1394 35
1393 52
1392 53
1391 94
1390 86
1389 76
1388 61
1387 3
1386 48
1385 64
1384 11
1383 63
1382 67
1381 14
1380 66
1379 67
1378 38
1377 87
1376 2
1375 65
1374 39
1373 77
1372 43
1371 25
1370 41
1369 58
1368 5
1367 22
1366 11
1365 23
1364 45
1363 63
1362 88
1361 70
1360 23
1359 19
1358 79
1357 29
1356 46
1355 13
1354 10
1353 29
1352 91
1351 93
1350 59
1349 49
1348 28
1347 56
1346 100
1345 11
1344 52
1343 85
1342 15
1341 71
1340 17
1339 64
1338 48
1337 68
1336 6
1335 44
1334 99
1333 20
1332 7
1331 18
1330 20
1329 99
1328 66
1327 38
1326 37
1325 27
1324 90
1323 100
1322 6
1321 30
1320 80
1319 11
1318 85
1317 37
1316 10
1315 37
1314 68
1313 95
1312 10
1311 60
1310 38
1309 29
1308 89
1307 78
1306 6
1305 65
1304 39
1303 77
1302 63
1301 64
1300 69
1299 74
1298 52
1297 68
1296 87
1295 88
1294 29
1293 52
1292 8
1291 61
1290 54
1289 27
1288 81
1287 43
1286 72
1285 20
1284 82
1283 43
1282 18
1281 24
1280 74
1279 6
1278 50
1277 100
1276 31
1275 89
1274 64
1273 31
1272 79
1271 91
1270 54
1269 19
1268 23
1267 78
1266 2
1265 40
1264 0
1263 38
1262 66
1261 58
1260 60
1259 49
1258 30
1257 33
1256 91
1255 62
1254 13
1253 50
1252 25
1251 95
1250 34
1249 36
1248 33
1247 22
1246 54
1245 0
1244 44
1243 66
1242 20
1241 92
1240 23
1239 5
1238 89
1237 11
1236 41
1235 7
1234 39
1233 70
1232 19
1231 76
1230 18
1229 80
1228 54
1227 63
1226 20
1225 92
1224 91
1223 15
1222 73
1221 24
1220 44
1219 47
1218 76
1217 41
1216 64
1215 85
1214 51
1213 74
1212 56
1211 44
1210 23
1209 69
1208 27
1207 38
1206 31
1205 63
1204 37
1203 57
1202 13
1201 58
1200 90
1199 91
1198 52
1197 8
1196 28
1195 7
1194 29
1193 89
1192 94
1191 40
1190 63
1189 41
1188 58
1187 66
1186 40
1185 61
1184 79
1183 69
1182 28
1181 65
1180 67
1179 35
1178 15
1177 10
1176 47
1175 61
1174 6
1173 77
1172 96
1171 64
1170 24
1169 24
1168 41
1167 88
1166 89
1165 88
1164 81
1163 69
1162 15
1161 34
1160 21
1159 44
1158 22
1157 92
1156 89
1155 72
1154 65
1153 70
1152 100
1151 63
1150 0
1149 79
1148 100
1147 34
1146 23
1145 58
1144 84
1143 49
1142 67
1141 12
1140 41
1139 68
1138 38
1137 68
1136 84
1135 28
1134 25
1133 78
1132 67
1131 67
1130 75
1129 41
1128 30
1127 29
1126 3
1125 93
1124 8
1123 42
1122 59
1121 98
1120 12
1119 89
1118 64
1117 32
1116 13
1115 81
1114 66
1113 25
1112 92
1111 36
1110 27
1109 57
1108 64
1107 46
1106 16
1105 82
1104 19
1103 62
1102 51
1101 73
1100 56
1099 64
1098 26
1097 36
1096 42
1095 91
1094 54
1093 84
1092 1
1091 13
1090 83
1089 62
1088 21
1087 20
1086 66
1085 15
1084 56
1083 17
1082 8
1081 51
1080 21
1079 25
1078 99
1077 99
1076 47
1075 90
1074 14
1073 57
1072 96
1071 64
1070 43
1069 54
1068 54
1067 97
1066 72
1065 46
1064 58
1063 91
1062 53
1061 17
1060 96
1059 14
1058 8
1057 25
1056 12
1055 49
1054 99
1053 49
1052 53
1051 39
1050 61
1049 62
1048 5
1047 79
1046 75
1045 0
1044 95
1043 78
1042 65
1041 5
1040 11
1039 88
1038 0
1037 95
1036 42
1035 45
1034 24
1033 8
1032 42
1031 71
1030 95
1029 65
1028 6
1027 65
1026 40
1025 28
1024 84
1023 44
1022 67
1021 50
1020 36
1019 6
1018 68
1017 10
1016 28
1015 26
1014 22
1013 33
1012 91
1011 1
1010 34
1009 7
1008 99
1007 26
1006 57
1005 35
1004 95
1003 41
1002 20
1001 21
1000 82
999 79
998 32
997 52
996 48
995 64
994 78
993 67
992 19
991 89
990 8
989 61
988 66
987 44
986 62
985 87
984 16
983 57
982 66
981 11
980 22
979 50
978 87
977 76
976 55
975 24
974 69
973 44
972 38
971 34
970 21
969 55
968 25
967 89
966 43
965 13
964 89
963 91
962 10
961 85
960 30
959 42
958 37
957 89
956 32
955 74
954 23
953 41
952 44
951 23
950 65
949 25
948 3
947 10
946 99
945 13
944 19
943 25
942 73
941 78
940 59
939 39
938 40
937 41
936 99
935 47
934 37
933 71
932 50
931 46
930 47
929 81
928 8
927 96
926 26
925 33
924 92
923 69
922 24
921 47
920 91
919 96
918 89
917 3
916 29
915 31
914 11
913 16
912 28
911 42
910 89
909 33
908 51
907 75
906 57
905 14
904 54
903 82
902 40
901 43
900 36
899 20
898 84
897 55
896 2
895 67
894 14
893 72
892 0
891 36
890 14
889 76
888 18
887 6
886 55
885 44
884 1
883 35
882 97
881 84
880 22
879 33
878 0
877 64
876 49
875 5
874 52
873 36
872 76
871 17
870 4
869 63
868 51
867 95
866 3
865 77
864 56
863 27
862 95
861 59
860 55
859 61
858 39
857 39
856 26
855 27
854 96
853 10
852 39
851 61
850 64
849 18
848 60
847 89
846 2
845 17
844 27
843 93
842 38
841 71
840 83
839 73
838 68
837 99
836 44
835 70
834 43
833 26
832 95
831 7
830 83
829 6
828 4
827 39
826 6
825 53
824 66
823 85
822 17
821 18
820 41
819 51
818 48
817 82
816 17
815 100
814 33
813 72
812 92
811 34
810 41
809 77
808 48
807 96
806 41
805 27
804 100
803 61
802 74
801 85
800 65
799 67
798 38
797 98
796 62
795 75
794 74
793 31
792 29
791 36
790 62
789 0
788 93
787 6
786 34
785 12
784 100
783 75
782 4
781 67
780 38
779 50
778 40
777 84
776 23
775 0
774 70
773 29
772 42
771 54
770 61
769 3
768 8
767 70
766 41
765 39
764 87
763 31
762 16
761 62
760 71
759 79
758 57
757 86
756 91
755 55
754 100
753 80
752 28
751 56
750 14
749 58
748 91
747 97
746 96
745 51
744 41
743 24
742 71
741 39
740 64
739 32
738 56
737 54
736 74
735 27
734 33
733 72
732 71
731 86
730 30
729 19
728 92
727 99
726 34
725 65
724 53
723 11
722 96
721 47
720 17
719 31
718 67
717 70
716 92
715 16
714 69
713 79
712 29
711 46
710 28
709 59
708 15
707 56
706 58
705 51
704 99
703 49
702 1
701 69
700 60
699 95
698 8
697 62
696 61
695 37
694 39
693 34
692 1
691 96
690 45
689 72
688 85
687 74
686 63
685 39
684 95
683 26
682 60
681 0
680 92
679 23
678 77
677 91
676 83
675 18
674 6
673 72
672 68
671 59
670 58
669 82
668 78
667 2
666 32
665 96
664 46
663 78
662 72
661 49
660 40
659 2
658 69
657 9
656 55
655 42
654 35
653 24
652 73
651 37
650 41
649 63
648 77
647 56
646 70
645 55
644 50
643 88
642 86
641 29
640 6
639 22
638 10
637 10
636 25
635 33
634 43
633 81
632 97
631 76
630 22
629 6
628 66
627 25
626 11
625 87
624 70
623 84
622 24
621 100
620 37
619 71
618 41
617 82
616 17
615 82
614 70
613 74
612 71
611 58
610 84
609 17
608 12
607 66
606 83
605 54
604 2
603 7
602 35
601 88
600 69
599 11
598 73
597 61
596 13
595 82
594 54
593 84
592 9
591 16
590 32
589 56
588 70
587 59
586 27
585 61
584 3
583 82
582 28
581 74
580 34
579 49
578 71
577 17
576 91
575 11
574 87
573 19
572 19
571 61
570 14
569 52
568 22
567 16
566 19
565 96
564 66
563 6
562 59
561 84
560 68
559 93
558 14
557 17
556 60
555 24
554 93
553 49
552 52
551 89
550 46
549 75
548 20
547 53
546 56
545 29
544 70
543 37
542 72
541 10
540 90
539 79
538 62
537 81
536 79
535 59
534 1
533 45
532 91
531 23
530 73
529 28
528 0
527 41
526 76
525 61
524 30
523 15
522 56
521 54
520 63
519 84
518 66
517 11
516 53
515 33
514 10
513 3
512 43
511 55
510 99
509 5
508 12
507 34
506 84
505 58
504 13
503 6
502 51
501 92
500 20
499 16
498 18
497 45
496 26
495 16
494 54
493 91
492 95
491 61
490 31
489 3
488 2
487 78
486 37
485 67
484 25
483 93
482 25
481 2
480 56
479 75
478 54
477 93
476 42
475 43
474 34
473 36
472 20
471 4
470 73
469 50
468 16
467 81
466 25
465 11
464 68
463 66
462 98
461 6
460 6
459 69
458 68
457 28
456 52
455 26
454 86
453 74
452 8
451 35
450 68
449 22
448 33
447 89
446 90
445 43
444 72
443 21
442 68
441 93
440 74
439 39
438 89
437 30
436 82
435 72
434 41
433 92
432 50
431 5
430 28
429 44
428 39
427 88
426 35
425 24
424 35
423 98
422 19
421 63
420 92
419 100
418 17
417 11
416 6
415 78
414 8
413 20
412 12
411 59
410 54
409 33
408 25
407 17
406 15
405 47
404 59
403 99
402 78
401 9
400 62
399 9
398 6
397 23
396 24
395 75
394 71
393 64
392 88
391 29
390 70
389 39
388 33
387 79
386 87
385 93
384 48
383 68
382 99
381 99
380 12
379 28
378 58
377 44
376 32
375 94
374 59
373 89
372 34
371 51
370 83
369 58
368 53
367 73
366 5
365 9
364 90
363 93
362 51
361 98
360 9
359 47
358 45
357 17
356 17
355 45
354 61
353 95
352 80
351 48
350 86
349 68
348 46
347 82
346 53
345 70
344 30
343 12
342 15
341 82
340 68
339 38
338 70
337 88
336 20
335 60
334 31
333 22
332 15
331 12
330 47
329 35
328 43
327 7
326 42
325 42
324 23
323 70
322 97
321 10
320 81
319 28
318 4
317 60
316 6
315 75
314 60
313 83
312 24
311 36
310 65
309 54
308 2
307 97
306 44
305 22
304 98
303 29
302 11
301 81
300 67
299 15
298 71
297 72
296 16
295 63
294 72
293 33
292 90
291 8
290 24
289 52
288 78
287 32
286 11
285 29
284 95
283 56
282 58
281 51
280 97
279 22
278 29
277 41
276 86
275 36
274 53
273 54
272 39
271 65
270 96
269 4
268 3
267 30
266 18
265 80
264 9
263 15
262 87
261 25
260 2
259 43
258 18
257 33
256 23
255 97
254 62
253 80
252 54
251 6
250 20
249 57
248 70
247 79
246 15
245 36
244 5
243 26
242 31
241 35
240 31
239 94
238 99
237 9
236 66
235 41
234 23
233 31
232 4
231 35
230 76
229 51
228 40
227 4
226 42
225 16
224 64
223 74
222 87
221 18
220 37
219 42
218 86
217 13
216 47
215 39
214 72
213 26
212 85
211 19
210 12
209 53
208 39
207 44
206 46
205 98
204 81
203 25
202 10
201 21
200 15
199 98
198 32
197 36
196 41
195 100
194 84
193 56
192 68
191 32
190 100
189 87
188 42
187 54
186 90
185 31
184 44
183 93
182 24
181 45
180 47
179 86
178 16
177 98
176 44
175 85
174 39
173 79
172 98
171 62
170 99
169 64
168 89
167 81
166 61
165 96
164 62
163 100
162 7
161 5
160 33
159 34
158 45
157 53
156 82
155 87
154 66
153 93
152 64
151 45
150 19
149 34
148 36
147 41
146 57
145 37
144 51
143 71
142 11
141 11
140 51
139 8
138 32
137 81
136 76
135 16
134 85
133 31
132 99
131 64
130 22
129 13
128 54
127 52
126 70
125 15
124 30
123 64
122 3
121 66
120 100
119 56
118 21
117 61
116 49
115 68
114 82
113 71
112 51
111 42
110 76
109 46
108 55
107 14
106 95
105 95
104 64
103 73
102 28
101 20
100 85
99 87
98 78
97 34
96 79
95 72
94 3
93 66
92 1
91 28
90 48
89 62
88 9
87 29
86 77
85 76
84 58
83 16
82 28
81 12
80 27
79 63
78 75
77 23
76 19
75 32
74 20
73 22
72 94
71 22
70 96
69 21
68 31
67 13
66 100
65 40
64 53
63 26
62 64
61 98
60 62
59 10
58 87
57 1
56 53
55 47
54 41
53 94
52 68
51 29
50 26
49 11
48 4
47 70
46 66
45 72
44 71
43 27
42 53
41 35
40 72
39 0
38 64
37 75
36 5
35 17
34 86
33 93
32 50
31 71
30 36
29 75
28 83
27 59
26 42
25 22
24 74
23 0
22 32
21 48
20 35
19 37
18 0
17 88
16 18
15 78
14 58
13 23
12 52
11 70
10 5
9 15
8 18
7 26
6 41
5 23
4 49
3 14
2 85
1 51
0 26
